[
  {
    "id": 0,
    "name": "1",
    "R": [
      [
        -0.8024355687746139,
        -0.4064299387943838,
        0.43693462075802075
      ],
      [
        0.12206321143597709,
        -0.8285148302630211,
        -0.5465013709481188
      ],
      [
        0.5841213318988598,
        -0.3851984954355752,
        0.71443991261328
      ]
    ],
    "tvec": [
      5.52356016646394,
      13.385225795257568,
      2.52724052138948
    ],
    "fx": 206.7335662841797,
    "fy": 206.08871459960938,
    "cx": 138.67245483398438,
    "cy": 141.21282958984375,
    "width": 280,
    "height": 280,
    "position": [
      1.3222423980896818,
      14.308287544616118,
      3.096048083736113
    ],
    "refined": true
  },
  {
    "id": 1,
    "name": "2",
    "R": [
      [
        0.04684893759449715,
        -0.9891360476979838,
        0.1393379208639135
      ],
      [
        0.1830879291198077,
        -0.1286250189726384,
        -0.9746457893537059
      ],
      [
        0.9819796267015354,
        0.07117221114100497,
        0.17507292510383488
      ]
    ],
    "tvec": [
      9.05517579293537,
      5.652084122717082,
      1.6216587662436412
    ],
    "fx": 207.97091674804688,
    "fy": 206.77418518066406,
    "cx": 140.2764892578125,
    "cy": 138.41543579101562,
    "width": 280,
    "height": 280,
    "position": [
      -3.051489612782849,
      9.568383182444226,
      3.963142079507735
    ],
    "refined": true
  },
  {
    "id": 2,
    "name": "3",
    "R": [
      [
        -0.7476348234951778,
        -0.017015213547631247,
        0.6638920493613872
      ],
      [
        -0.5604207305696293,
        -0.5202114232516367,
        -0.6444444738426338
      ],
      [
        0.35632958822575633,
        -0.8538679977762573,
        0.37939249719575074
      ]
    ],
    "tvec": [
      8.083566224627496,
      7.659158008057749,
      4.377767117781563
    ],
    "fx": 205.18197631835938,
    "fy": 203.81893920898438,
    "cx": 139.3595428466797,
    "cy": 140.6971893310547,
    "width": 280,
    "height": 280,
    "position": [
      8.775978579557549,
      7.859960337410229,
      -2.0916052933926608
    ],
    "refined": true
  },
  {
    "id": 3,
    "name": "4",
    "R": [
      [
        0.7934853178152295,
        -0.44408474946299314,
        0.41613673919284655
      ],
      [
        0.5718040843899459,
        0.3098857743561023,
        -0.7596123326583729
      ],
      [
        0.20837739677479472,
        0.84068992033098,
        0.49981928570959555
      ]
    ],
    "tvec": [
      10.610226034337478,
      6.453689839260081,
      0.5895979162150751
    ],
    "fx": 205.8297576904297,
    "fy": 207.7582244873047,
    "cx": 137.9678192138672,
    "cy": 140.76458740234375,
    "width": 280,
    "height": 280,
    "position": [
      -12.232163665347242,
      2.216263871701103,
      0.1923051196872596
    ],
    "refined": true
  },
  {
    "id": 4,
    "name": "5",
    "R": [
      [
        -0.37175628886568707,
        0.911609067459861,
        -0.17540287857892772
      ],
      [
        -0.028253401361976627,
        -0.19996740676443792,
        -0.9793951100262777
      ],
      [
        -0.927900321694249,
        -0.35914056350803364,
        0.10009519790100319
      ]
    ],
    "tvec": [
      10.176541393178237,
      6.688816096137767,
      3.430785835508102
    ],
    "fx": 206.59539794921875,
    "fy": 205.1094970703125,
    "cx": 140.57872009277344,
    "cy": 140.68312072753906,
    "width": 280,
    "height": 280,
    "position": [
      7.15560234804866,
      -6.707347842093227,
      7.992583243602317
    ],
    "refined": true
  },
  {
    "id": 5,
    "name": "6",
    "R": [
      [
        0.8404909027279532,
        0.002139839259609394,
        0.5418214313955227
      ],
      [
        0.380777616613977,
        0.7090810255835922,
        -0.5934749412090625
      ],
      [
        -0.38546523723590076,
        0.7051237623603845,
        0.5951613484068052
      ]
    ],
    "tvec": [
      8.205544614724337,
      6.286370703105776,
      1.3642324954414606
    ],
    "fx": 205.6768035888672,
    "fy": 204.494384765625,
    "cx": 137.40452575683594,
    "cy": 141.02919006347656,
    "width": 280,
    "height": 280,
    "position": [
      -8.764530651584433,
      -5.4370574817899335,
      -1.5270748966130103
    ],
    "refined": true
  },
  {
    "id": 6,
    "name": "7",
    "R": [
      [
        -0.1586665809285001,
        0.9796313805453927,
        -0.12307426354517664
      ],
      [
        -0.11382665826175914,
        -0.14197171820791776,
        -0.9833043898498837
      ],
      [
        -0.9807489015876694,
        -0.14200841341209136,
        0.13403433349243044
      ]
    ],
    "tvec": [
      14.709771916241783,
      9.396825576294532,
      4.033530859472316
    ],
    "fx": 206.723388671875,
    "fy": 205.5457763671875,
    "cx": 138.86146545410156,
    "cy": 142.1891632080078,
    "width": 280,
    "height": 280,
    "position": [
      7.359439429753833,
      -12.50327537924677,
      10.509702564962533
    ],
    "refined": true
  }
]