{"n_frames": 110, "duration": 3.63333, "times": [0.0, 0.03333, 0.06667, 0.1, 0.13333, 0.16667, 0.2, 0.23333, 0.26667, 0.3, 0.33333, 0.36667, 0.4, 0.43333, 0.46667, 0.5, 0.53333, 0.56667, 0.6, 0.63333, 0.66667, 0.7, 0.73333, 0.76667, 0.8, 0.83333, 0.86667, 0.9, 0.93333, 0.96667, 1.0, 1.03333, 1.06667, 1.1, 1.13333, 1.16667, 1.2, 1.23333, 1.26667, 1.3, 1.33333, 1.36667, 1.4, 1.43333, 1.46667, 1.5, 1.53333, 1.56667, 1.6, 1.63333, 1.66667, 1.7, 1.73333, 1.76667, 1.8, 1.83333, 1.86667, 1.9, 1.93333, 1.96667, 2.0, 2.03333, 2.06667, 2.1, 2.13333, 2.16667, 2.2, 2.23333, 2.26667, 2.3, 2.33333, 2.36667, 2.4, 2.43333, 2.46667, 2.5, 2.53333, 2.56667, 2.6, 2.63333, 2.66667, 2.7, 2.73333, 2.76667, 2.8, 2.83333, 2.86667, 2.9, 2.93333, 2.96667, 3.0, 3.03333, 3.06667, 3.1, 3.13333, 3.16667, 3.2, 3.23333, 3.26667, 3.3, 3.33333, 3.36667, 3.4, 3.43333, 3.46667, 3.5, 3.53333, 3.56667, 3.6, 3.63333], "bodies": ["pelvis", "sacrum", "femur_r", "patella_r", "tibia_r", "talus_r", "calcn_r", "toes_r", "femur_l", "patella_l", "tibia_l", "talus_l", "calcn_l", "toes_l", "lumbar5", "lumbar4", "lumbar3", "lumbar2", "lumbar1", "humerus_r", "ulna_r", "radius_r", "hand_r", "humerus_l", "ulna_l", "radius_l", "hand_l"], "transforms": {"pelvis": [[0.4615938067436218, 0.37806013226509094, -0.802497148513794, -0.08008673042058945, 0.590789258480072, 0.5438154339790344, 0.5960140824317932, 1.186892032623291, 0.6617395281791687, -0.7492231130599976, 0.027667971327900887, 0.0837412104010582, 0.0, 0.0, 0.0, 1.0], [0.46392327547073364, 0.3747063875198364, -0.8027268052101135, -0.08773282170295715, 0.5951125621795654, 0.5394013524055481, 0.5957241058349609, 1.185964584350586, 0.6562135815620422, -0.7540830969810486, 0.027248384431004524, 0.0807233527302742, 0.0, 0.0, 0.0, 1.0], [0.4640950858592987, 0.36926260590553284, -0.8051465153694153, -0.09768681228160858, 0.6031012535095215, 0.5340047478675842, 0.5925434827804565, 1.185144066810608, 0.648756206035614, -0.760581374168396, 0.025126229971647263, 0.07696978002786636, 0.0, 0.0, 0.0, 1.0], [0.4645547866821289, 0.36524590849876404, -0.8067120313644409, -0.10770557820796967, 0.6078900694847107, 0.5309042930603027, 0.5904322862625122, 1.1844534873962402, 0.6439398527145386, -0.7646803855895996, 0.024604786187410355, 0.07274185121059418, 0.0, 0.0, 0.0, 1.0], [0.4610304534435272, 0.3612627387046814, -0.8105184435844421, -0.11649145931005478, 0.6128410696983337, 0.530954897403717, 0.5852459073066711, 1.1845070123672485, 0.6417762637138367, -0.7665351629257202, 0.023389730602502823, 0.06878536194562912, 0.0, 0.0, 0.0, 1.0], [0.45692431926727295, 0.358548641204834, -0.8140411972999573, -0.12394580245018005, 0.6147520542144775, 0.5341365933418274, 0.5803257822990417, 1.184923768043518, 0.6428841948509216, -0.7655984163284302, 0.023641487583518028, 0.06492456048727036, 0.0, 0.0, 0.0, 1.0], [0.45115795731544495, 0.35601145029067993, -0.8183595538139343, -0.12975181639194489, 0.6177986264228821, 0.5371582508087158, 0.5742698907852173, 1.1861006021499634, 0.6440352201461792, -0.764667809009552, 0.022399837151169777, 0.06143730878829956, 0.0, 0.0, 0.0, 1.0], [0.4457426071166992, 0.3552885949611664, -0.8216347098350525, -0.13401247560977936, 0.6211502552032471, 0.5381677150726318, 0.5696910619735718, 1.1877127885818481, 0.6445819735527039, -0.7642941474914551, 0.01919667236506939, 0.05839376896619797, 0.0, 0.0, 0.0, 1.0], [0.440934956073761, 0.3577738404273987, -0.8231489658355713, -0.13691139221191406, 0.6222220659255981, 0.5391121506690979, 0.5676246881484985, 1.1889675855636597, 0.6468508839607239, -0.7624670267105103, 0.01509860623627901, 0.055628981441259384, 0.0, 0.0, 0.0, 1.0], [0.4368853271007538, 0.361401230096817, -0.8237234950065613, -0.13854891061782837, 0.6237143278121948, 0.5381401181221008, 0.5669088363647461, 1.190201997756958, 0.6481602191925049, -0.7614423036575317, 0.009694389067590237, 0.05391572043299675, 0.0, 0.0, 0.0, 1.0], [0.43507692217826843, 0.3643151819705963, -0.8233969211578369, -0.13892808556556702, 0.6243616938591003, 0.5368353724479675, 0.5674330592155457, 1.1911356449127197, 0.6487530469894409, -0.7609745264053345, 0.006100228056311607, 0.05282669886946678, 0.0, 0.0, 0.0, 1.0], [0.43609732389450073, 0.3675922155380249, -0.8213982582092285, -0.13872602581977844, 0.623754620552063, 0.5344526171684265, 0.5703425407409668, 1.19170343875885, 0.6486518979072571, -0.7610757946968079, 0.0037860344164073467, 0.052232999354600906, 0.0, 0.0, 0.0, 1.0], [0.4362680912017822, 0.36850810050964355, -0.8208970427513123, -0.13724066317081451, 0.623921275138855, 0.5334811806678772, 0.5710692405700684, 1.1918447017669678, 0.6483767628669739, -0.7613143920898438, 0.0028207609429955482, 0.05231659859418869, 0.0, 0.0, 0.0, 1.0], [0.4354596734046936, 0.37093186378479004, -0.8202343583106995, -0.13486115634441376, 0.6219363212585449, 0.5347750782966614, 0.5720234513282776, 1.1913220882415771, 0.650822639465332, -0.7592266798019409, 0.002176976064220071, 0.052647851407527924, 0.0, 0.0, 0.0, 1.0], [0.4329388439655304, 0.3739641606807709, -0.8201919198036194, -0.13134601712226868, 0.6187149286270142, 0.5384325385093689, 0.5720858573913574, 1.190547227859497, 0.6555576324462891, -0.7551431655883789, 0.0017311525298282504, 0.05327552929520607, 0.0, 0.0, 0.0, 1.0], [0.4302389919757843, 0.3775743842124939, -0.8199585676193237, -0.12689779698848724, 0.6146814823150635, 0.5426790714263916, 0.5724211931228638, 1.1899055242538452, 0.6611059308052063, -0.7502912878990173, 0.0013937060721218586, 0.05467243120074272, 0.0, 0.0, 0.0, 1.0], [0.4263994097709656, 0.381885826587677, -0.8199675679206848, -0.12127020210027695, 0.609471321105957, 0.5485369563102722, 0.5724088549613953, 1.1894042491912842, 0.6683773398399353, -0.7438215017318726, 0.00114738242700696, 0.05619746074080467, 0.0, 0.0, 0.0, 1.0], [0.41943123936653137, 0.3860935568809509, -0.8215894103050232, -0.11484791338443756, 0.6033608913421631, 0.5576429963111877, 0.5700788497924805, 1.1886435747146606, 0.6782573461532593, -0.7348238229751587, 0.000939142017159611, 0.05842575058341026, 0.0, 0.0, 0.0, 1.0], [0.4116098880767822, 0.3900044560432434, -0.8236952424049377, -0.10704439878463745, 0.5969849824905396, 0.5675238966941833, 0.5670322775840759, 1.188181757926941, 0.6886118054389954, -0.7251297831535339, 0.0007716255495324731, 0.061056800186634064, 0.0, 0.0, 0.0, 1.0], [0.40305665135383606, 0.3935794532299042, -0.8262206315994263, -0.09825648367404938, 0.5903136134147644, 0.578075110912323, 0.563346266746521, 1.1876877546310425, 0.6993390917778015, -0.7147897481918335, 0.0006617042236030102, 0.06419753283262253, 0.0, 0.0, 0.0, 1.0], [0.39486607909202576, 0.3996232748031616, -0.8272738456726074, -0.0891251415014267, 0.5807188153266907, 0.5891926884651184, 0.5617985725402832, 1.1871145963668823, 0.7119314670562744, -0.7022486925125122, 0.000583438784815371, 0.06740187108516693, 0.0, 0.0, 0.0, 1.0], [0.386011004447937, 0.4055127501487732, -0.8285861015319824, -0.0796848013997078, 0.5706028342247009, 0.6008058190345764, 0.559861421585083, 1.1866912841796875, 0.7248502969741821, -0.688906192779541, 0.0005309456028044224, 0.07086682319641113, 0.0, 0.0, 0.0, 1.0], [0.37485140562057495, 0.40905365347862244, -0.8319624662399292, -0.06964784115552902, 0.5614266991615295, 0.6139721274375916, 0.5548317432403564, 1.1863842010498047, 0.7377577424049377, -0.6750653982162476, 0.0004946822300553322, 0.07440803200006485, 0.0, 0.0, 0.0, 1.0], [0.3624001145362854, 0.4123094975948334, -0.8358630537986755, -0.059723149985075, 0.5511780977249146, 0.6283867955207825, 0.5489378571510315, 1.185929536819458, 0.7515775561332703, -0.6596445441246033, 0.00047149331658147275, 0.07756812125444412, 0.0, 0.0, 0.0, 1.0], [0.3477925956249237, 0.414293110370636, -0.8410716652870178, -0.04948997125029564, 0.5401313900947571, 0.6447168588638306, 0.540923535823822, 1.1844722032546997, 0.766353964805603, -0.6424184441566467, 0.0004550268058665097, 0.08004578948020935, 0.0, 0.0, 0.0, 1.0], [0.32915788888931274, 0.418098121881485, -0.8466693758964539, -0.03988147899508476, 0.5230709910392761, 0.6657671928405762, 0.53211909532547, 1.18076491355896, 0.7861627340316772, -0.6180194020271301, 0.00044752995017915964, 0.08091676235198975, 0.0, 0.0, 0.0, 1.0], [0.30758902430534363, 0.4231575131416321, -0.8522480130195618, -0.031299691647291183, 0.5004119873046875, 0.68986576795578, 0.5231377482414246, 1.1753239631652832, 0.8093063831329346, -0.5873865485191345, 0.00044206256279721856, 0.08004491776227951, 0.0, 0.0, 0.0, 1.0], [0.2858593761920929, 0.42642316222190857, -0.8581653237342834, -0.02297738939523697, 0.47715020179748535, 0.7132850289344788, 0.5133732557296753, 1.1698920726776123, 0.8310307264328003, -0.5562263131141663, 0.0004313305835239589, 0.07810155302286148, 0.0, 0.0, 0.0, 1.0], [0.2633640766143799, 0.4275813400745392, -0.8647621273994446, -0.014573929831385612, 0.4527931213378906, 0.7367442846298218, 0.5021814703941345, 1.165010690689087, 0.8518319725990295, -0.5238149166107178, 0.00042610650416463614, 0.07485981285572052, 0.0, 0.0, 0.0, 1.0], [0.24184659123420715, 0.42319828271865845, -0.8731628656387329, -0.005297690164297819, 0.4324796795845032, 0.7585347294807434, 0.48742833733558655, 1.1615943908691406, 0.8686032295227051, -0.4955081045627594, 0.00042438897071406245, 0.07126361131668091, 0.0, 0.0, 0.0, 1.0], [0.21915744245052338, 0.4076802730560303, -0.8864349126815796, 0.0047030700370669365, 0.41891318559646606, 0.7812033891677856, 0.4628531038761139, 1.1590086221694946, 0.8811820149421692, -0.47277697920799255, 0.0004238838155288249, 0.06790126115083694, 0.0, 0.0, 0.0, 1.0], [0.19316576421260834, 0.3802766799926758, -0.9044758677482605, 0.014436669647693634, 0.4087430238723755, 0.8068494200706482, 0.4265245497226715, 1.156100869178772, 0.8919731974601746, -0.4520881474018097, 0.0004202484851703048, 0.0642995610833168, 0.0, 0.0, 0.0, 1.0], [0.16701219975948334, 0.3454870581626892, -0.9234422445297241, 0.023867709562182426, 0.4009406864643097, 0.8318607807159424, 0.383737176656723, 1.1532429456710815, 0.9007516503334045, -0.4343343675136566, 0.0004110832524020225, 0.0604940801858902, 0.0, 0.0, 0.0, 1.0], [0.14178727567195892, 0.30358874797821045, -0.942194402217865, 0.03343474119901657, 0.3976122736930847, 0.8541866540908813, 0.335066556930542, 1.1510361433029175, 0.906532347202301, -0.42213621735572815, 0.00040219223592430353, 0.056817978620529175, 0.0, 0.0, 0.0, 1.0], [0.11616114526987076, 0.2518598139286041, -0.9607669711112976, 0.043648019433021545, 0.40109938383102417, 0.8730364441871643, 0.27735647559165955, 1.1496825218200684, 0.9086395502090454, -0.41758111119270325, 0.0003920989984180778, 0.05371439829468727, 0.0, 0.0, 0.0, 1.0], [0.12688809633255005, 0.27186262607574463, -0.9539340138435364, 0.043843191117048264, 0.40245720744132996, 0.8648805618286133, 0.30001628398895264, 1.1493024826049805, 0.9066022634506226, -0.42198610305786133, 0.00032997640664689243, 0.05362042039632797, 0.0, 0.0, 0.0, 1.0], [0.10700897127389908, 0.22563321888446808, -0.968317449092865, 0.05214843153953552, 0.41378548741340637, 0.8754543662071228, 0.2497221827507019, 1.148890733718872, 0.9040634036064148, -0.4273982346057892, 0.00031771522480994463, 0.05090485140681267, 0.0, 0.0, 0.0, 1.0], [0.08272391557693481, 0.16732177138328552, -0.9824256896972656, 0.06185309961438179, 0.43395325541496277, 0.8813880085945129, 0.18665403127670288, 1.1496564149856567, 0.897129476070404, -0.4417675733566284, 0.0003020415606442839, 0.04923876002430916, 0.0, 0.0, 0.0, 1.0], [0.05533412843942642, 0.105735644698143, -0.9928535223007202, 0.07203023880720139, 0.4582286775112152, 0.8807864189147949, 0.11933905631303787, 1.1514761447906494, 0.8871102929115295, -0.4615574777126312, 0.00028644592384807765, 0.04802900180220604, 0.0, 0.0, 0.0, 1.0], [-0.2535354793071747, -0.23414386808872223, -0.9385608434677124, 0.12928113341331482, 0.6900644898414612, 0.6361662745475769, -0.34511375427246094, 1.1943895816802979, 0.6778870224952698, -0.735166072845459, 0.0002836501516867429, 0.10825315862894058, 0.0, 0.0, 0.0, 1.0], [-0.25637850165367126, -0.2388765513896942, -0.9365938305854797, 0.1332259625196457, 0.6857696771621704, 0.6379091143608093, -0.35041671991348267, 1.1941461563110352, 0.6811680793762207, -0.7321270108222961, 0.00026811371208168566, 0.09969580173492432, 0.0, 0.0, 0.0, 1.0], [-0.25764229893684387, -0.24141211807727814, -0.9355964064598083, 0.1371641457080841, 0.6832118034362793, 0.6391887664794922, -0.3530712425708771, 1.1943159103393555, 0.6832584142684937, -0.7301766276359558, 0.0002535500971134752, 0.0903201475739479, 0.0, 0.0, 0.0, 1.0], [-0.25792941451072693, -0.24332337081432343, -0.9350219964981079, 0.141238734126091, 0.6805993914604187, 0.6411323547363281, -0.354589581489563, 1.1946053504943848, 0.685752809047699, -0.7278345227241516, 0.0002388566790614277, 0.08016698062419891, 0.0, 0.0, 0.0, 1.0], [-0.2571624219417572, -0.2461080402135849, -0.9345043301582336, 0.1457040160894394, 0.6755829453468323, 0.6456671357154846, -0.355951726436615, 1.1945677995681763, 0.6909812688827515, -0.7228726148605347, 0.00022508965048473328, 0.06868874281644821, 0.0, 0.0, 0.0, 1.0], [-0.2550108730792999, -0.25090429186820984, -0.9338182210922241, 0.15064604580402374, 0.6660628914833069, 0.6545049548149109, -0.35774776339530945, 1.1938849687576294, 0.7009491324424744, -0.7132112383842468, 0.00021214070147834718, 0.05544903129339218, 0.0, 0.0, 0.0, 1.0], [-0.251646488904953, -0.2573081851005554, -0.9329879879951477, 0.15591296553611755, 0.6527370810508728, 0.6666339635848999, -0.35990750789642334, 1.1926188468933105, 0.7145686149597168, -0.6995652914047241, 0.00019849468662869185, 0.040573518723249435, 0.0, 0.0, 0.0, 1.0], [-0.23295225203037262, -0.2530495524406433, -0.9389883875846863, 0.15230664610862732, 0.6363583207130432, 0.6904688477516174, -0.3439488112926483, 1.1911215782165527, 0.7353783249855042, -0.6776567697525024, 0.00018392216588836163, 0.020404290407896042, 0.0, 0.0, 0.0, 1.0], [-0.17431971430778503, -0.2125662863254547, -0.9614719152450562, 0.13541166484355927, 0.6101623177528381, 0.7430546283721924, -0.27490317821502686, 1.1873334646224976, 0.7728613018989563, -0.6345749497413635, 0.0001708720374153927, -0.008838219568133354, 0.0, 0.0, 0.0, 1.0], [-0.12399138510227203, -0.16569826006889343, -0.9783507585525513, 0.12103027105331421, 0.5867598652839661, 0.782868504524231, -0.2069534957408905, 1.1845898628234863, 0.8002118468284607, -0.599717378616333, 0.00015612728020641953, -0.03198999911546707, 0.0, 0.0, 0.0, 1.0], [-0.07372269034385681, -0.10583244264125824, -0.9916473627090454, 0.1094813421368599, 0.567733645439148, 0.8130455017089844, -0.12897875905036926, 1.1806200742721558, 0.8199045658111572, -0.5725001692771912, 0.00014473013288807124, -0.04935821145772934, 0.0, 0.0, 0.0, 1.0], [-0.030536025762557983, -0.04651921987533569, -0.9984505772590637, 0.10317257791757584, 0.5499936938285828, 0.8333129286766052, -0.055645912885665894, 1.1733319759368896, 0.8346104025840759, -0.5508407354354858, 0.00013921258505433798, -0.06315921247005463, 0.0, 0.0, 0.0, 1.0], [0.004165876191109419, 0.006357481237500906, -0.9999710917472839, 0.10114011913537979, 0.532846987247467, 0.8461774587631226, 0.007599551696330309, 1.1609292030334473, 0.8462013602256775, -0.5328632593154907, 0.0001375058200210333, -0.07526133954524994, 0.0, 0.0, 0.0, 1.0], [0.08760714530944824, 0.1585341989994049, -0.9834591746330261, 0.073802150785923, 0.47502508759498596, 0.8611289262771606, 0.1811300367116928, 1.1522917747497559, 0.8756004571914673, -0.483036071062088, 0.00013332581147551537, -0.09952717274427414, 0.0, 0.0, 0.0, 1.0], [0.15261974930763245, 0.35234352946281433, -0.9233424663543701, 0.04284399002790451, 0.3666843771934509, 0.8474100828170776, 0.3839775025844574, 1.1426314115524292, 0.9177416563034058, -0.3971777856349945, 0.00013265128654893488, -0.13016535341739655, 0.0, 0.0, 0.0, 1.0], [0.17503134906291962, 0.5870692133903503, -0.7903883457183838, 0.015444939956068993, 0.22560404241085052, 0.7575068473815918, 0.6126061081886292, 1.1333675384521484, 0.9583667516708374, -0.28554007411003113, 0.00014225849008653313, -0.1625140756368637, 0.0, 0.0, 0.0, 1.0], [0.14209522306919098, 0.6265226602554321, -0.7663408517837524, 0.014192149974405766, 0.1692356914281845, 0.747420608997345, 0.6424341797828674, 1.1051682233810425, 0.9752785563468933, -0.22097906470298767, 0.0001749085495248437, -0.18900160491466522, 0.0, 0.0, 0.0, 1.0], [0.15802735090255737, 0.6230643391609192, -0.766040563583374, 0.01564634032547474, 0.18804900348186493, 0.742600679397583, 0.6427921652793884, 1.0829733610153198, 0.9693631529808044, -0.24563190340995789, 0.00018459054990671575, -0.20069612562656403, 0.0, 0.0, 0.0, 1.0], [0.18144731223583221, 0.5931164622306824, -0.7844040393829346, 0.007880640216171741, 0.2292209416627884, 0.7501649856567383, 0.6202501654624939, 1.0583614110946655, 0.9563130140304565, -0.2923445701599121, 0.00016070774290710688, -0.2183675765991211, 0.0, 0.0, 0.0, 1.0], [0.19180867075920105, 0.5845975875854492, -0.788324236869812, -0.007590270135551691, 0.24555690586566925, 0.7491040825843811, 0.6152600646018982, 1.032038927078247, 0.9502164125442505, -0.31159067153930664, 0.00013266116729937494, -0.2432287335395813, 0.0, 0.0, 0.0, 1.0], [0.18511663377285004, 0.6214557886123657, -0.7612650394439697, -0.026214059442281723, 0.217163547873497, 0.7296331524848938, 0.6484408378601074, 1.007048487663269, 0.958421528339386, -0.28535619378089905, 0.000109686836367473, -0.276899129152298, 0.0, 0.0, 0.0, 1.0], [0.15232354402542114, 0.7833526730537415, -0.6026244163513184, -0.03463367000222206, 0.11491108685731888, 0.5915670990943909, 0.7980249524116516, 0.9971436262130737, 0.9816277027130127, -0.19080622494220734, 9.368934843223542e-05, -0.3284749388694763, 0.0, 0.0, 0.0, 1.0], [0.12265115976333618, 0.8365054726600647, -0.5340555310249329, -0.04493173956871033, 0.07738147675991058, 0.5284197330474854, 0.8454493880271912, 0.9884936809539795, 0.9894285202026367, -0.14502134919166565, 8.126282773446292e-05, -0.372671514749527, 0.0, 0.0, 0.0, 1.0], [0.11378370970487595, 0.856451153755188, -0.5035322308540344, -0.055976398289203644, 0.06623142212629318, 0.4991574287414551, 0.8639764189720154, 0.9816468358039856, 0.9912954568862915, -0.13165611028671265, 7.200633262982592e-05, -0.41339606046676636, 0.0, 0.0, 0.0, 1.0], [0.11050920933485031, 0.8677541017532349, -0.48455190658569336, -0.06817646324634552, 0.06113942340016365, 0.4806792438030243, 0.8747624754905701, 0.9778569340705872, 0.9919927716255188, -0.12629453837871552, 6.549876707140356e-05, -0.4555417001247406, 0.0, 0.0, 0.0, 1.0], [0.12419643998146057, 0.8586232662200928, -0.49733421206474304, -0.07546389847993851, 0.071126788854599, 0.49222180247306824, 0.867559015750885, 0.9691488146781921, 0.9897051453590393, -0.14312152564525604, 6.108055094955489e-05, -0.49457669258117676, 0.0, 0.0, 0.0, 1.0], [0.164667010307312, 0.8265295624732971, -0.5382691621780396, -0.07677408307790756, 0.10509932786226273, 0.5279089212417603, 0.8427729606628418, 0.9572960734367371, 0.9807338714599609, -0.19534863531589508, 6.148307875264436e-05, -0.5295544862747192, 0.0, 0.0, 0.0, 1.0], [0.21223542094230652, 0.7535910606384277, -0.6221387982368469, -0.061792220920324326, 0.16856835782527924, 0.5988667607307434, 0.7829069495201111, 0.9346800446510315, 0.9625698924064636, -0.27103349566459656, 6.912574463058263e-05, -0.562584400177002, 0.0, 0.0, 0.0, 1.0], [0.24237948656082153, 0.547276496887207, -0.8010871410369873, -0.032133929431438446, 0.32423627376556396, 0.7325376868247986, 0.5985477566719055, 0.9100120067596436, 0.914397656917572, -0.4048171937465668, 0.00010521721560508013, -0.596601128578186, 0.0, 0.0, 0.0, 1.0], [0.2462763488292694, 0.44109874963760376, -0.8630062937736511, -0.005405239760875702, 0.41977986693382263, 0.7540324926376343, 0.5051928758621216, 0.8971330523490906, 0.8735747337341309, -0.4866897165775299, 0.0005359993665479124, -0.6465752124786377, 0.0, 0.0, 0.0, 1.0], [0.40317466855049133, 0.2993203103542328, -0.8647875785827637, 0.025501079857349396, 0.4771866202354431, 0.7375869750976562, 0.47776395082473755, 0.887342631816864, 0.7808604836463928, -0.6052873730659485, 0.15454472601413727, -0.6864901185035706, 0.0, 0.0, 0.0, 1.0], [0.5608659386634827, 0.0333569198846817, -0.8272343873977661, 0.07577323913574219, 0.5574578642845154, 0.7235220670700073, 0.4071320593357086, 0.8711416721343994, 0.6121029853820801, -0.6894948482513428, 0.38720381259918213, -0.7272800207138062, 0.0, 0.0, 0.0, 1.0], [0.6263742446899414, -0.3565574288368225, -0.6931970119476318, 0.15206028521060944, 0.7014058232307434, 0.6458014249801636, 0.3016130030155182, 0.8636993169784546, 0.34012529253959656, -0.6751350164413452, 0.6546047925949097, -0.7757804989814758, 0.0, 0.0, 0.0, 1.0], [0.495349258184433, -0.7627161741256714, -0.41580426692962646, 0.23282350599765778, 0.8684956431388855, 0.4450448751449585, 0.21828965842723846, 0.8825768232345581, 0.01855851151049137, -0.469253808259964, 0.8828682899475098, -0.8379591703414917, 0.0, 0.0, 0.0, 1.0], [0.33294418454170227, -0.9180204272270203, -0.2153756469488144, 0.2713012397289276, 0.9182902574539185, 0.263776957988739, 0.29523661732673645, 0.9081316590309143, -0.21422211825847626, -0.29607468843460083, 0.9308322668075562, -0.875902533531189, 0.0, 0.0, 0.0, 1.0], [0.2329103648662567, -0.9721103310585022, -0.027462949976325035, 0.2948581576347351, 0.8399028778076172, 0.18683885037899017, 0.5095629096031189, 0.9312581419944763, -0.49022024869918823, -0.14174869656562805, 0.8599950075149536, -0.9012689590454102, 0.0, 0.0, 0.0, 1.0], [0.13672755658626556, -0.9797846674919128, 0.146039679646492, 0.30894240736961365, 0.8086904883384705, 0.19554336369037628, 0.5547814965248108, 0.9534054398536682, -0.5721234679222107, 0.0422469861805439, 0.8190786838531494, -0.933401882648468, 0.0, 0.0, 0.0, 1.0], [0.0634857788681984, -0.9666216373443604, 0.24821792542934418, 0.3111960291862488, 0.7731412053108215, 0.2049085795879364, 0.6002209186553955, 0.982969343662262, -0.6310485005378723, 0.1538020223379135, 0.7603437900543213, -0.9908893704414368, 0.0, 0.0, 0.0, 1.0], [0.05993904173374176, -0.9683387875556946, 0.24233709275722504, 0.2982172966003418, 0.7418206334114075, 0.20565548539161682, 0.6382851600646973, 1.0035638809204102, -0.6679142713546753, 0.1415124535560608, 0.7306604981422424, -1.0463368892669678, 0.0, 0.0, 0.0, 1.0], [-0.013952076435089111, -0.9479896426200867, 0.31799522042274475, 0.2956780195236206, 0.6636673808097839, 0.22909455001354218, 0.7120823860168457, 1.0179907083511353, -0.7478976845741272, 0.22097808122634888, 0.6259534358978271, -1.0921406745910645, 0.0, 0.0, 0.0, 1.0], [-0.12250109761953354, -0.9077444076538086, 0.4012400805950165, 0.29424944519996643, 0.6071878671646118, 0.2512480914592743, 0.7537886500358582, 1.032933235168457, -0.7850582003593445, 0.335968017578125, 0.5203931927680969, -1.1337789297103882, 0.0, 0.0, 0.0, 1.0], [-0.21331048011779785, -0.8596663475036621, 0.4641900360584259, 0.29073143005371094, 0.5674481391906738, 0.2777519226074219, 0.7751493453979492, 1.0462645292282104, -0.7952994704246521, 0.42875126004219055, 0.42856866121292114, -1.1672614812850952, 0.0, 0.0, 0.0, 1.0], [-0.2587314248085022, -0.8295794725418091, 0.4948292672634125, 0.2879810631275177, 0.5556718111038208, 0.29119861125946045, 0.7787375450134277, 1.0588327646255493, -0.7901182770729065, 0.4764465391635895, 0.3856316804885864, -1.1900700330734253, 0.0, 0.0, 0.0, 1.0], [-0.2731384038925171, -0.8140885233879089, 0.5124990940093994, 0.287904292345047, 0.5810553431510925, 0.284970760345459, 0.7623426914215088, 1.0728529691696167, -0.7666616439819336, 0.506015419960022, 0.39519399404525757, -1.2062218189239502, 0.0, 0.0, 0.0, 1.0], [-0.2600679397583008, -0.8151867985725403, 0.5175279378890991, 0.2893888056278229, 0.6264489889144897, 0.26541996002197266, 0.7328805327415466, 1.0871022939682007, -0.7347967624664307, 0.5148035883903503, 0.44164571166038513, -1.214608073234558, 0.0, 0.0, 0.0, 1.0], [-0.23869752883911133, -0.8243881464004517, 0.5132325887680054, 0.2884218394756317, 0.6614722609519958, 0.24891074001789093, 0.7074587345123291, 1.0980360507965088, -0.7109696865081787, 0.5083577632904053, 0.4858955442905426, -1.2181661128997803, 0.0, 0.0, 0.0, 1.0], [-0.22557395696640015, -0.8280381560325623, 0.5132925510406494, 0.2856888473033905, 0.6930508613586426, 0.23389571905136108, 0.681889533996582, 1.1063549518585205, -0.6846874952316284, 0.5095543265342712, 0.5211117267608643, -1.2246630191802979, 0.0, 0.0, 0.0, 1.0], [-0.23192237317562103, -0.820502758026123, 0.5224818587303162, 0.2816368639469147, 0.7082029581069946, 0.22578437626361847, 0.6689319610595703, 1.112371802330017, -0.6668287515640259, 0.525163471698761, 0.5287180542945862, -1.235978126525879, 0.0, 0.0, 0.0, 1.0], [-0.24459420144557953, -0.8049390316009521, 0.5405986309051514, 0.276386559009552, 0.7150400280952454, 0.2268277406692505, 0.6612616181373596, 1.1165587902069092, -0.6548980474472046, 0.5482904314994812, 0.5200828313827515, -1.2504509687423706, 0.0, 0.0, 0.0, 1.0], [-0.24607017636299133, -0.7946496605873108, 0.5549607276916504, 0.27101433277130127, 0.7183678150177002, 0.2348587065935135, 0.6548198461532593, 1.1196656227111816, -0.6506897211074829, 0.5597975850105286, 0.5130590200424194, -1.2642934322357178, 0.0, 0.0, 0.0, 1.0], [-0.23136988282203674, -0.7939873933792114, 0.5621850490570068, 0.26592889428138733, 0.719891369342804, 0.2489677220582962, 0.6478977203369141, 1.122251033782959, -0.6543885469436646, 0.5546161532402039, 0.51398104429245, -1.2767016887664795, 0.0, 0.0, 0.0, 1.0], [-0.17502428591251373, -0.8171194791793823, 0.5492560863494873, 0.26363077759742737, 0.723410964012146, 0.2716923952102661, 0.6347123980522156, 1.124845266342163, -0.6678645610809326, 0.5084279179573059, 0.5435603857040405, -1.2935889959335327, 0.0, 0.0, 0.0, 1.0], [-0.10580425709486008, -0.8403015732765198, 0.531694233417511, 0.26204046607017517, 0.7213300466537476, 0.30318698287010193, 0.622704267501831, 1.1268372535705566, -0.6844621300697327, 0.4494117796421051, 0.5740562677383423, -1.3072773218154907, 0.0, 0.0, 0.0, 1.0], [-0.044029198586940765, -0.8533921837806702, 0.5194066166877747, 0.2589920461177826, 0.7134448289871216, 0.33708128333091736, 0.614306628704071, 1.1283507347106934, -0.699326753616333, 0.3976154029369354, 0.5940068364143372, -1.3198049068450928, 0.0, 0.0, 0.0, 1.0], [0.004222031682729721, -0.8580862283706665, 0.513488233089447, 0.25449681282043457, 0.6963653564453125, 0.37104716897010803, 0.6143283843994141, 1.1291109323501587, -0.7176750898361206, 0.3549816906452179, 0.599108099937439, -1.331586241722107, 0.0, 0.0, 0.0, 1.0], [0.033825088292360306, -0.8565744757652283, 0.5149136185646057, 0.24938681721687317, 0.6770431399345398, 0.39861929416656494, 0.6186398267745972, 1.1302930116653442, -0.7351655960083008, 0.3276931643486023, 0.593421220779419, -1.3439750671386719, 0.0, 0.0, 0.0, 1.0], [0.04862166941165924, -0.8490415215492249, 0.5260840654373169, 0.24423806369304657, 0.6588148474693298, 0.42314568161964417, 0.622021496295929, 1.1309970617294312, -0.7507323026657104, 0.31634825468063354, 0.5799351930618286, -1.3562886714935303, 0.0, 0.0, 0.0, 1.0], [0.05025928467512131, -0.8415820598602295, 0.5377858877182007, 0.24022366106510162, 0.6368812918663025, 0.4417847990989685, 0.6318293809890747, 1.1302247047424316, -0.7693219184875488, 0.3107505142688751, 0.5581916570663452, -1.3673815727233887, 0.0, 0.0, 0.0, 1.0], [0.03867597132921219, -0.8291694521903992, 0.5576577186584473, 0.23606455326080322, 0.6223054528236389, 0.456626832485199, 0.635789155960083, 1.1286717653274536, -0.7818184494972229, 0.3224436938762665, 0.5336571931838989, -1.3779114484786987, 0.0, 0.0, 0.0, 1.0], [0.020870447158813477, -0.8192086219787598, 0.5731157064437866, 0.23312261700630188, 0.6117190718650818, 0.4638805091381073, 0.640792191028595, 1.1264513731002808, -0.7907997369766235, 0.3372121751308441, 0.5108069181442261, -1.386307954788208, 0.0, 0.0, 0.0, 1.0], [-0.022875508293509483, -0.7945915460586548, 0.6067132353782654, 0.2286558896303177, 0.5997145771980286, 0.474649578332901, 0.6442438960075378, 1.1234780550003052, -0.79988694190979, 0.3785921633243561, 0.46567028760910034, -1.39532470703125, 0.0, 0.0, 0.0, 1.0], [-0.07965636998414993, -0.7616291046142578, 0.6430987119674683, 0.22412951290607452, 0.5885172486305237, 0.48477715253829956, 0.6470228433609009, 1.1198636293411255, -0.8045510053634644, 0.43001416325569153, 0.40961626172065735, -1.4028390645980835, 0.0, 0.0, 0.0, 1.0], [-0.13428029417991638, -0.7267811894416809, 0.673615574836731, 0.22089244425296783, 0.5834026336669922, 0.49149656295776367, 0.6465852856636047, 1.116426706314087, -0.8010057210922241, 0.47981274127960205, 0.3580077290534973, -1.407475233078003, 0.0, 0.0, 0.0, 1.0], [-0.18527768552303314, -0.6944597959518433, 0.6952681541442871, 0.21969230473041534, 0.581487774848938, 0.4928758442401886, 0.6472598910331726, 1.113749384880066, -0.7921768426895142, 0.5242127180099487, 0.3125009834766388, -1.4101227521896362, 0.0, 0.0, 0.0, 1.0], [-0.22588343918323517, -0.6644257307052612, 0.7124009132385254, 0.21990275382995605, 0.5848374962806702, 0.4923539161682129, 0.6446337699890137, 1.1119405031204224, -0.7790646553039551, 0.5622508525848389, 0.2773664891719818, -1.4116326570510864, 0.0, 0.0, 0.0, 1.0], [-0.25148290395736694, -0.6413752436637878, 0.7248407602310181, 0.21954061090946198, 0.5875289440155029, 0.4939745366573334, 0.6409359574317932, 1.1105893850326538, -0.7691333293914795, 0.5870493650436401, 0.2526003420352936, -1.4135725498199463, 0.0, 0.0, 0.0, 1.0], [-0.25315508246421814, -0.6355330348014832, 0.7293903231620789, 0.2154788225889206, 0.582694947719574, 0.5016784071922302, 0.6393632888793945, 1.1087590456008911, -0.7722558379173279, 0.5868701338768005, 0.24331948161125183, -1.4179121255874634, 0.0, 0.0, 0.0, 1.0], [-0.24587294459342957, -0.6397104859352112, 0.7282286286354065, 0.21032898128032684, 0.5750699639320374, 0.5085143446922302, 0.6408647894859314, 1.1075527667999268, -0.7802826166152954, 0.5763537883758545, 0.24284839630126953, -1.421276569366455, 0.0, 0.0, 0.0, 1.0], [-0.2468218207359314, -0.6425296664237976, 0.7254202961921692, 0.2064296156167984, 0.570094108581543, 0.5090601444244385, 0.6448646783828735, 1.1073590517044067, -0.7836272716522217, 0.5727245211601257, 0.24065521359443665, -1.4256868362426758, 0.0, 0.0, 0.0, 1.0], [-0.24253608286380768, -0.6471933722496033, 0.7227150201797485, 0.20299451053142548, 0.5655698776245117, 0.5109453797340393, 0.6473527550697327, 1.1075198650360107, -0.788230299949646, 0.5657522678375244, 0.24211037158966064, -1.428741216659546, 0.0, 0.0, 0.0, 1.0], [-0.23954379558563232, -0.6497340798377991, 0.7214322090148926, 0.20135782659053802, 0.5631831288337708, 0.5122865438461304, 0.6483728289604187, 1.1077630519866943, -0.7908499240875244, 0.5616121292114258, 0.24320419132709503, -1.4299867153167725, 0.0, 0.0, 0.0, 1.0]], "sacrum": [[0.4615938067436218, 0.37806013226509094, -0.802497148513794, -0.08232149481773376, 0.590789258480072, 0.5438154339790344, 0.5960140824317932, 1.1827744245529175, 0.6617395281791687, -0.7492231130599976, 0.027667971327900887, 0.10762307047843933, 0.0, 0.0, 0.0, 1.0], [0.46392327547073364, 0.3747063875198364, -0.8027268052101135, -0.08986848592758179, 0.5951125621795654, 0.5394013524055481, 0.5957241058349609, 1.1819928884506226, 0.6562135815620422, -0.7540830969810486, 0.027248384431004524, 0.1046389639377594, 0.0, 0.0, 0.0, 1.0], [0.4640950858592987, 0.36926260590553284, -0.8051465153694153, -0.09970616549253464, 0.6031012535095215, 0.5340047478675842, 0.5925434827804565, 1.1813842058181763, 0.648756206035614, -0.760581374168396, 0.025126229971647263, 0.10092969238758087, 0.0, 0.0, 0.0, 1.0], [0.4645547866821289, 0.36524590849876404, -0.8067120313644409, -0.10963500291109085, 0.6078900694847107, 0.5309042930603027, 0.5904322862625122, 1.180817723274231, 0.6439398527145386, -0.7646803855895996, 0.024604786187410355, 0.09672831743955612, 0.0, 0.0, 0.0, 1.0], [0.4610304534435272, 0.3612627387046814, -0.8105184435844421, -0.11838081479072571, 0.6128410696983337, 0.530954897403717, 0.5852459073066711, 1.1809313297271729, 0.6417762637138367, -0.7665351629257202, 0.023389730602502823, 0.09278403967618942, 0.0, 0.0, 0.0, 1.0], [0.45692431926727295, 0.358548641204834, -0.8140411972999573, -0.12582889199256897, 0.6147520542144775, 0.5341365933418274, 0.5803257822990417, 1.181304931640625, 0.6428841948509216, -0.7655984163284302, 0.023641487583518028, 0.08891725540161133, 0.0, 0.0, 0.0, 1.0], [0.45115795731544495, 0.35601145029067993, -0.8183595538139343, -0.1316528469324112, 0.6177986264228821, 0.5371582508087158, 0.5742698907852173, 1.1824558973312378, 0.6440352201461792, -0.764667809009552, 0.022399837151169777, 0.08542469143867493, 0.0, 0.0, 0.0, 1.0], [0.4457426071166992, 0.3552885949611664, -0.8216347098350525, -0.13596516847610474, 0.6211502552032471, 0.5381677150726318, 0.5696910619735718, 1.1840883493423462, 0.6445819735527039, -0.7642941474914551, 0.01919667236506939, 0.08238005638122559, 0.0, 0.0, 0.0, 1.0], [0.440934956073761, 0.3577738404273987, -0.8231489658355713, -0.13897553086280823, 0.6222220659255981, 0.5391121506690979, 0.5676246881484985, 1.1853364706039429, 0.6468508839607239, -0.7624670267105103, 0.01509860623627901, 0.07960493862628937, 0.0, 0.0, 0.0, 1.0], [0.4368853271007538, 0.361401230096817, -0.8237234950065613, -0.14073911309242249, 0.6237143278121948, 0.5381401181221008, 0.5669088363647461, 1.1866097450256348, 0.6481602191925049, -0.7614423036575317, 0.009694389067590237, 0.07788633555173874, 0.0, 0.0, 0.0, 1.0], [0.43507692217826843, 0.3643151819705963, -0.8233969211578369, -0.14120171964168549, 0.6243616938591003, 0.5368353724479675, 0.5674330592155457, 1.1875786781311035, 0.6487530469894409, -0.7609745264053345, 0.006100228056311607, 0.0767948180437088, 0.0, 0.0, 0.0, 1.0], [0.43609732389450073, 0.3675922155380249, -0.8213982582092285, -0.14105582237243652, 0.623754620552063, 0.5344526171684265, 0.5703425407409668, 1.188188910484314, 0.6486518979072571, -0.7610757946968079, 0.0037860344164073467, 0.07620199769735336, 0.0, 0.0, 0.0, 1.0], [0.4362680912017822, 0.36850810050964355, -0.8208970427513123, -0.13958755135536194, 0.623921275138855, 0.5334811806678772, 0.5710692405700684, 1.1883527040481567, 0.6483767628669739, -0.7613143920898438, 0.0028207609429955482, 0.07628720998764038, 0.0, 0.0, 0.0, 1.0], [0.4354596734046936, 0.37093186378479004, -0.8202343583106995, -0.13726887106895447, 0.6219363212585449, 0.5347750782966614, 0.5720234513282776, 1.1877784729003906, 0.650822639465332, -0.7592266798019409, 0.002176976064220071, 0.07660484313964844, 0.0, 0.0, 0.0, 1.0], [0.4329388439655304, 0.3739641606807709, -0.8201919198036194, -0.13384844362735748, 0.6187149286270142, 0.5384325385093689, 0.5720858573913574, 1.1868871450424194, 0.6555576324462891, -0.7551431655883789, 0.0017311525298282504, 0.07720529288053513, 0.0, 0.0, 0.0, 1.0], [0.4302389919757843, 0.3775743842124939, -0.8199585676193237, -0.12950927019119263, 0.6146814823150635, 0.5426790714263916, 0.5724211931228638, 1.186106562614441, 0.6611059308052063, -0.7502912878990173, 0.0013937060721218586, 0.07856887578964233, 0.0, 0.0, 0.0, 1.0], [0.4263994097709656, 0.381885826587677, -0.8199675679206848, -0.12401949614286423, 0.609471321105957, 0.5485369563102722, 0.5724088549613953, 1.1854181289672852, 0.6683773398399353, -0.7438215017318726, 0.00114738242700696, 0.08004791289567947, 0.0, 0.0, 0.0, 1.0], [0.41943123936653137, 0.3860935568809509, -0.8215894103050232, -0.1177714541554451, 0.6033608913421631, 0.5576429963111877, 0.5700788497924805, 1.1843910217285156, 0.6782573461532593, -0.7348238229751587, 0.000939142017159611, 0.08220937103033066, 0.0, 0.0, 0.0, 1.0], [0.4116098880767822, 0.3900044560432434, -0.8236952424049377, -0.11014649271965027, 0.5969849824905396, 0.5675238966941833, 0.5670322775840759, 1.1836432218551636, 0.6886118054389954, -0.7251297831535339, 0.0007716255495324731, 0.08476483821868896, 0.0, 0.0, 0.0, 1.0], [0.40305665135383606, 0.3935794532299042, -0.8262206315994263, -0.10153910517692566, 0.5903136134147644, 0.578075110912323, 0.563346266746521, 1.1828455924987793, 0.6993390917778015, -0.7147897481918335, 0.0006617042236030102, 0.08782103657722473, 0.0, 0.0, 0.0, 1.0], [0.39486607909202576, 0.3996232748031616, -0.8272738456726074, -0.0926356092095375, 0.5807188153266907, 0.5891926884651184, 0.5617985725402832, 1.1819207668304443, 0.7119314670562744, -0.7022486925125122, 0.000583438784815371, 0.0909176841378212, 0.0, 0.0, 0.0, 1.0], [0.386011004447937, 0.4055127501487732, -0.8285861015319824, -0.08342807739973068, 0.5706028342247009, 0.6008058190345764, 0.559861421585083, 1.1811290979385376, 0.7248502969741821, -0.688906192779541, 0.0005309456028044224, 0.09426216036081314, 0.0, 0.0, 0.0, 1.0], [0.37485140562057495, 0.40905365347862244, -0.8319624662399292, -0.07360310107469559, 0.5614266991615295, 0.6139721274375916, 0.5548317432403564, 1.1804325580596924, 0.7377577424049377, -0.6750653982162476, 0.0004946822300553322, 0.09767229855060577, 0.0, 0.0, 0.0, 1.0], [0.3624001145362854, 0.4123094975948334, -0.8358630537986755, -0.06390035152435303, 0.5511780977249146, 0.6283867955207825, 0.5489378571510315, 1.1795490980148315, 0.7515775561332703, -0.6596445441246033, 0.00047149331658147275, 0.1006794348359108, 0.0, 0.0, 0.0, 1.0], [0.3477925956249237, 0.414293110370636, -0.8410716652870178, -0.05388902500271797, 0.5401313900947571, 0.6447168588638306, 0.540923535823822, 1.1776129007339478, 0.766353964805603, -0.6424184441566467, 0.0004550268058665097, 0.10297808796167374, 0.0, 0.0, 0.0, 1.0], [0.32915788888931274, 0.418098121881485, -0.8466693758964539, -0.0445902943611145, 0.5230709910392761, 0.6657671928405762, 0.53211909532547, 1.1732535362243652, 0.7861627340316772, -0.6180194020271301, 0.00044752995017915964, 0.10358166694641113, 0.0, 0.0, 0.0, 1.0], [0.30758902430534363, 0.4231575131416321, -0.8522480130195618, -0.03638078272342682, 0.5004119873046875, 0.68986576795578, 0.5231377482414246, 1.167027473449707, 0.8093063831329346, -0.5873865485191345, 0.00044206256279721856, 0.10235282778739929, 0.0, 0.0, 0.0, 1.0], [0.2858593761920929, 0.42642316222190857, -0.8581653237342834, -0.028395114466547966, 0.47715020179748535, 0.7132850289344788, 0.5133732557296753, 1.1608173847198486, 0.8310307264328003, -0.5562263131141663, 0.0004313305835239589, 0.10002387315034866, 0.0, 0.0, 0.0, 1.0], [0.2633640766143799, 0.4275813400745392, -0.8647621273994446, -0.020293528214097023, 0.4527931213378906, 0.7367442846298218, 0.5021814703941345, 1.1551432609558105, 0.8518319725990295, -0.5238149166107178, 0.00042610650416463614, 0.09635891765356064, 0.0, 0.0, 0.0, 1.0], [0.24184659123420715, 0.42319828271865845, -0.8731628656387329, -0.011190857738256454, 0.4324796795845032, 0.7585347294807434, 0.48742833733558655, 1.1510192155838013, 0.8686032295227051, -0.4955081045627594, 0.00042438897071406245, 0.09237587451934814, 0.0, 0.0, 0.0, 1.0], [0.21915744245052338, 0.4076802730560303, -0.8864349126815796, -0.0011445473646745086, 0.41891318559646606, 0.7812033891677856, 0.4628531038761139, 1.147790551185608, 0.8811820149421692, -0.47277697920799255, 0.0004238838155288249, 0.08869190514087677, 0.0, 0.0, 0.0, 1.0], [0.19316576421260834, 0.3802766799926758, -0.9044758677482605, 0.008843175135552883, 0.4087430238723755, 0.8068494200706482, 0.4265245497226715, 1.1442192792892456, 0.8919731974601746, -0.4520881474018097, 0.0004202484851703048, 0.08478937298059464, 0.0, 0.0, 0.0, 1.0], [0.16701219975948334, 0.3454870581626892, -0.9234422445297241, 0.018681276589632034, 0.4009406864643097, 0.8318607807159424, 0.383737176656723, 1.1407403945922852, 0.9007516503334045, -0.4343343675136566, 0.0004110832524020225, 0.08071979880332947, 0.0, 0.0, 0.0, 1.0], [0.14178727567195892, 0.30358874797821045, -0.942194402217865, 0.028815943747758865, 0.3976122736930847, 0.8541866540908813, 0.335066556930542, 1.1380242109298706, 0.906532347202301, -0.42213621735572815, 0.