{"n_frames": 110, "duration": 3.63333, "times": [0.0, 0.03333, 0.06667, 0.1, 0.13333, 0.16667, 0.2, 0.23333, 0.26667, 0.3, 0.33333, 0.36667, 0.4, 0.43333, 0.46667, 0.5, 0.53333, 0.56667, 0.6, 0.63333, 0.66667, 0.7, 0.73333, 0.76667, 0.8, 0.83333, 0.86667, 0.9, 0.93333, 0.96667, 1.0, 1.03333, 1.06667, 1.1, 1.13333, 1.16667, 1.2, 1.23333, 1.26667, 1.3, 1.33333, 1.36667, 1.4, 1.43333, 1.46667, 1.5, 1.53333, 1.56667, 1.6, 1.63333, 1.66667, 1.7, 1.73333, 1.76667, 1.8, 1.83333, 1.86667, 1.9, 1.93333, 1.96667, 2.0, 2.03333, 2.06667, 2.1, 2.13333, 2.16667, 2.2, 2.23333, 2.26667, 2.3, 2.33333, 2.36667, 2.4, 2.43333, 2.46667, 2.5, 2.53333, 2.56667, 2.6, 2.63333, 2.66667, 2.7, 2.73333, 2.76667, 2.8, 2.83333, 2.86667, 2.9, 2.93333, 2.96667, 3.0, 3.03333, 3.06667, 3.1, 3.13333, 3.16667, 3.2, 3.23333, 3.26667, 3.3, 3.33333, 3.36667, 3.4, 3.43333, 3.46667, 3.5, 3.53333, 3.56667, 3.6, 3.63333], "bodies": ["pelvis", "femur_r", "tibia_r", "patella_r", "talus_r", "calcn_r", "toes_r", "femur_l", "tibia_l", "patella_l", "talus_l", "calcn_l", "toes_l", "humerus_r", "ulna_r", "radius_r", "hand_r", "humerus_l", "ulna_l", "radius_l", "hand_l"], "transforms": {"pelvis": [[-0.5615776181221008, -0.6434736847877502, -0.5201655626296997, -0.0386180616915226, -0.7774857878684998, 0.6254646182060242, 0.0656493753194809, 1.1954487562179565, 0.28310149908065796, 0.4412885308265686, -0.8515385985374451, 0.009997149929404259, 0.0, 0.0, 0.0, 1.0], [-0.5613835453987122, -0.6395036578178406, -0.525246262550354, -0.04796462133526802, -0.7747572660446167, 0.6292142271995544, 0.061973121017217636, 1.1943098306655884, 0.2908603847026825, 0.44172900915145874, -0.8486905694007874, 0.0061234598979353905, 0.0, 0.0, 0.0, 1.0], [-0.5618399381637573, -0.6348258256912231, -0.5304074287414551, -0.06048274040222168, -0.7719093561172485, 0.6328773498535156, 0.060185082256793976, 1.1929831504821777, 0.29747581481933594, 0.44324085116386414, -0.8456037640571594, 0.0005969299818389118, 0.0, 0.0, 0.0, 1.0], [-0.5631493330001831, -0.6321439743041992, -0.5322188138961792, -0.07256057113409042, -0.7708801627159119, 0.6338777542114258, 0.06279118359088898, 1.192190170288086, 0.29766860604286194, 0.4456377327442169, -0.8442750573158264, -0.005168570205569267, 0.0, 0.0, 0.0, 1.0], [-0.5658384561538696, -0.630545973777771, -0.5312613844871521, -0.08309353142976761, -0.7704976201057434, 0.6337572336196899, 0.06844855099916458, 1.1923056840896606, 0.29353079199790955, 0.4480664134025574, -0.844438374042511, -0.010304420255124569, 0.0, 0.0, 0.0, 1.0], [-0.5698195099830627, -0.6279263496398926, -0.5301077365875244, -0.09194601327180862, -0.7703969478607178, 0.6326924562454224, 0.07866877317428589, 1.1929655075073242, 0.2859970033168793, 0.453220397233963, -0.844273030757904, -0.015238819643855095, 0.0, 0.0, 0.0, 1.0], [-0.5648819804191589, -0.6328163743019104, -0.5295769572257996, -0.09731228649616241, -0.7720884680747986, 0.6318028569221497, 0.06858997046947479, 1.1944365501403809, 0.2911834120750427, 0.4476255178451538, -0.8454842567443848, -0.01742945984005928, 0.0, 0.0, 0.0, 1.0], [-0.5658264756202698, -0.6337404251098633, -0.5274595022201538, -0.10196776688098907, -0.771325409412384, 0.6329046487808228, 0.06699866056442261, 1.195876121520996, 0.29137182235717773, 0.4447525441646576, -0.8469342589378357, -0.02062647044658661, 0.0, 0.0, 0.0, 1.0], [-0.5625693798065186, -0.6401304602622986, -0.5232100486755371, -0.10423340648412704, -0.7733519673347473, 0.6311996579170227, 0.05927640572190285, 1.1968865394592285, 0.2923053801059723, 0.4379726052284241, -0.8501397371292114, -0.022651029750704765, 0.0, 0.0, 0.0, 1.0], [-0.5635033249855042, -0.6435746550559998, -0.5179533362388611, -0.10581660270690918, -0.7733896374702454, 0.6313719749450684, 0.05690207704901695, 1.197670817375183, 0.2904004752635956, 0.432644248008728, -0.8535141944885254, -0.024487929418683052, 0.0, 0.0, 0.0, 1.0], [-0.566295325756073, -0.644149899482727, -0.5141794085502625, -0.10663536936044693, -0.7716668844223022, 0.6335390210151672, 0.056200750172138214, 1.1983067989349365, 0.2895509898662567, 0.42860147356987, -0.8558393716812134, -0.025699779391288757, 0.0, 0.0, 0.0, 1.0], [-0.5671743154525757, -0.6440821886062622, -0.5132946372032166, -0.10608284920454025, -0.7699816226959229, 0.6358678936958313, 0.05291816592216492, 1.198443055152893, 0.2923039495944977, 0.42524126172065735, -0.8565794229507446, -0.025921890512108803, 0.0, 0.0, 0.0, 1.0], [-0.5715557336807251, -0.6418761610984802, -0.5111937522888184, -0.10482815653085709, -0.7666270732879639, 0.6398396492004395, 0.053741455078125, 1.1983375549316406, 0.29258665442466736, 0.42261120676994324, -0.8577836751937866, -0.025718720629811287, 0.0, 0.0, 0.0, 1.0], [-0.5736536383628845, -0.6427709460258484, -0.5077076554298401, -0.10184436291456223, -0.7659228444099426, 0.6406309008598328, 0.05435309186577797, 1.197827696800232, 0.290316641330719, 0.42004474997520447, -0.8598131537437439, -0.02480538934469223, 0.0, 0.0, 0.0, 1.0], [-0.5788550972938538, -0.642658531665802, -0.5019130706787109, -0.09787175059318542, -0.7639972567558289, 0.6425755620002747, 0.05835084617137909, 1.1976135969161987, 0.2850174307823181, 0.41723689436912537, -0.8629475235939026, -0.02354337088763714, 0.0, 0.0, 0.0, 1.0], [-0.5795566439628601, -0.6466865539550781, -0.4958936870098114, -0.09205330163240433, -0.7653673887252808, 0.6409119367599487, 0.058691300451755524, 1.1975237131118774, 0.27986928820610046, 0.4135558009147644, -0.8663975596427917, -0.021237900480628014, 0.0, 0.0, 0.0, 1.0], [-0.5847147703170776, -0.6498117446899414, -0.4856472909450531, -0.08570995926856995, -0.7645817399024963, 0.6415210366249084, 0.06217340752482414, 1.1980018615722656, 0.27115193009376526, 0.4076707661151886, -0.8719410300254822, -0.01893162913620472, 0.0, 0.0, 0.0, 1.0], [-0.5850153565406799, -0.6571120619773865, -0.47535330057144165, -0.07775364816188812, -0.7673247456550598, 0.6382496953010559, 0.06204887852072716, 1.1985679864883423, 0.26262104511260986, 0.4010498821735382, -0.8776042461395264, -0.01577061042189598, 0.0, 0.0, 0.0, 1.0], [-0.5835265517234802, -0.6663182377815247, -0.4642378091812134, -0.0683923214673996, -0.7716737389564514, 0.6330536603927612, 0.06134115904569626, 1.199227213859558, 0.2530147135257721, 0.39403432607650757, -0.8835839033126831, -0.012147259898483753, 0.0, 0.0, 0.0, 1.0], [-0.582520604133606, -0.6742287874221802, -0.4539662003517151, -0.05822908133268356, -0.7755287289619446, 0.6282542943954468, 0.06206255033612251, 1.1999521255493164, 0.24336187541484833, 0.3882165551185608, -0.8888548612594604, -0.0077238501980900764, 0.0, 0.0, 0.0, 1.0], [-0.5811331272125244, -0.682584822177887, -0.4431278109550476, -0.04684346914291382, -0.780030369758606, 0.6224437355995178, 0.06415946781635284, 1.2006887197494507, 0.2320278286933899, 0.38293832540512085, -0.8941595554351807, -0.0027260701172053814, 0.0, 0.0, 0.0, 1.0], [-0.5798781514167786, -0.6912547945976257, -0.43117067217826843, -0.03462503105401993, -0.7849789261817932, 0.6157128810882568, 0.06859851628541946, 1.201634168624878, 0.2180582731962204, 0.3782386779785156, -0.8996588587760925, 0.00265877996571362, 0.0, 0.0, 0.0, 1.0], [-0.5803880095481873, -0.6997331380844116, -0.4165612459182739, -0.022220779210329056, -0.7893232107162476, 0.6092033386230469, 0.07642076164484024, 1.2029858827590942, 0.20029637217521667, 0.3731551766395569, -0.9058899283409119, 0.007970670238137245, 0.0, 0.0, 0.0, 1.0], [-0.5787111520767212, -0.7117085456848145, -0.39820143580436707, -0.009102900512516499, -0.7965167760848999, 0.598085880279541, 0.08862440288066864, 1.2043637037277222, 0.17508390545845032, 0.36846205592155457, -0.9130067825317383, 0.01266716979444027, 0.0, 0.0, 0.0, 1.0], [-0.5755299925804138, -0.7259953618049622, -0.37642526626586914, 0.004199319984763861, -0.8050916790962219, 0.5837783217430115, 0.10502496361732483, 1.205425500869751, 0.14350126683712006, 0.3635018765926361, -0.9204747676849365, 0.016539650037884712, 0.0, 0.0, 0.0, 1.0], [-0.5664953589439392, -0.7475448846817017, -0.346784770488739, 0.017665710300207138, -0.8182322382926941, 0.5602352619171143, 0.12896685302257538, 1.205781102180481, 0.09787255525588989, 0.3568095862865448, -0.929036021232605, 0.018403450027108192, 0.0, 0.0, 0.0, 1.0], [-0.5512163639068604, -0.7740452885627747, -0.31147128343582153, 0.030635010451078415, -0.833369255065918, 0.5289676785469055, 0.16027741134166718, 1.2057706117630005, 0.040696267038583755, 0.3479181230068207, -0.9366412162780762, 0.018248019739985466, 0.0, 0.0, 0.0, 1.0], [-0.5298524498939514, -0.8024497628211975, -0.27446454763412476, 0.043643560260534286, -0.8478527665138245, 0.4935465455055237, 0.19379755854606628, 1.2062549591064453, -0.02005177177488804, 0.335389643907547, -0.9418660998344421, 0.01754233054816723, 0.0, 0.0, 0.0, 1.0], [-0.5000121593475342, -0.8333442211151123, -0.2356378734111786, 0.05757366865873337, -0.8612028360366821, 0.4498175382614136, 0.23663024604320526, 1.207948923110962, -0.09120041131973267, 0.32124999165534973, -0.9425926804542542, 0.015159239992499352, 0.0, 0.0, 0.0, 1.0], [-0.46600842475891113, -0.8619837164878845, -0.19955016672611237, 0.07109218090772629, -0.8679214119911194, 0.40153321623802185, 0.2923755645751953, 1.2114368677139282, -0.17189694941043854, 0.3094433546066284, -0.9352519512176514, 0.010804340243339539, 0.0, 0.0, 0.0, 1.0], [-0.4322669208049774, -0.8860709071159363, -0.16740283370018005, 0.08232682198286057, -0.8653551936149597, 0.35540592670440674, 0.353336900472641, 1.2167171239852905, -0.2535856068134308, 0.29759877920150757, -0.9203962683677673, 0.005291120149195194, 0.0, 0.0, 0.0, 1.0], [-0.4004260003566742, -0.9052731394767761, -0.14191403985023499, 0.09022655338048935, -0.8511150479316711, 0.31005996465682983, 0.42363423109054565, 1.223514199256897, -0.33950281143188477, 0.290419340133667, -0.8946476578712463, -0.0018038599519059062, 0.0, 0.0, 0.0, 1.0], [-0.37316739559173584, -0.9191649556159973, -0.12602315843105316, 0.09447085112333298, -0.8280779123306274, 0.26873019337654114, 0.49200719594955444, 1.2312850952148438, -0.4183695614337921, 0.2879580557346344, -0.861421525478363, -0.00909327995032072, 0.0, 0.0, 0.0, 1.0], [-0.35264286398887634, -0.9279447793960571, -0.12067092955112457, 0.09577085077762604, -0.8002073764801025, 0.23219305276870728, 0.5529507994651794, 1.2392774820327759, -0.48508885502815247, 0.2915559411048889, -0.824429452419281, -0.01679385080933571, 0.0, 0.0, 0.0, 1.0], [-0.3453984260559082, -0.9298946857452393, -0.12647466361522675, 0.09329453110694885, -0.7697721123695374, 0.2036418914794922, 0.6049635410308838, 1.2471095323562622, -0.5367968082427979, 0.30631014704704285, -0.7861445546150208, -0.024310240522027016, 0.0, 0.0, 0.0, 1.0], [-0.47072213888168335, -0.7548220157623291, -0.4567979574203491, 0.072279192507267, -0.8586176037788391, 0.27280980348587036, 0.43399378657341003, 1.2239621877670288, -0.20296911895275116, 0.5965052247047424, -0.7765210866928101, -0.023698870092630386, 0.0, 0.0, 0.0, 1.0], [-0.45579031109809875, -0.7342886924743652, -0.5030659437179565, 0.07103680819272995, -0.8758259415626526, 0.26921722292900085, 0.40056341886520386, 1.221611738204956, -0.15869516134262085, 0.6231710910797119, -0.7658156752586365, -0.025665679946541786, 0.0, 0.0, 0.0, 1.0], [-0.4331777095794678, -0.7238757610321045, -0.5369925498962402, 0.0707741305232048, -0.8933234214782715, 0.2656879425048828, 0.3624682128429413, 1.219390630722046, -0.11970952153205872, 0.636721134185791, -0.7617452144622803, -0.02819564938545227, 0.0, 0.0, 0.0, 1.0], [-0.4053437113761902, -0.7156561017036438, -0.5687994360923767, 0.07141616940498352, -0.9111788868904114, 0.2660437226295471, 0.3146009147167206, 1.2166417837142944, -0.07382054626941681, 0.6457995772361755, -0.759929895401001, -0.03126858174800873, 0.0, 0.0, 0.0, 1.0], [-0.3727896511554718, -0.7040737271308899, -0.6044071912765503, 0.07341784983873367, -0.9278556704521179, 0.2754226624965668, 0.25144824385643005, 1.2129837274551392, -0.010570656508207321, 0.654539942741394, -0.7559535503387451, -0.03385522961616516, 0.0, 0.0, 0.0, 1.0], [-0.3367699384689331, -0.6891463994979858, -0.6416098475456238, 0.07727117836475372, -0.9397518038749695, 0.28852352499961853, 0.18335944414138794, 1.2091468572616577, 0.05875804275274277, 0.6647040247917175, -0.744792640209198, -0.037006258964538574, 0.0, 0.0, 0.0, 1.0], [-0.29695406556129456, -0.6572492122650146, -0.6927061080932617, 0.08400341123342514, -0.944722056388855, 0.3078068494796753, 0.11293858289718628, 1.2044364213943481, 0.13899090886116028, 0.6879523396492004, -0.7123222947120667, -0.04025129973888397, 0.0, 0.0, 0.0, 1.0], [-0.24427789449691772, -0.6609706878662109, -0.7095392942428589, 0.09081114828586578, -0.9432907700538635, 0.33158838748931885, 0.015862230211496353, 1.2018712759017944, 0.2247905284166336, 0.6731767058372498, -0.7044872641563416, -0.04168152064085007, 0.0, 0.0, 0.0, 1.0], [-0.1932450383901596, -0.7035630941390991, -0.683853268623352, 0.09642195701599121, -0.9275806546211243, 0.3581623136997223, -0.10636701434850693, 1.202339768409729, 0.3197663724422455, 0.6137741208076477, -0.721824586391449, -0.04142022132873535, 0.0, 0.0, 0.0, 1.0], [-0.1560918688774109, -0.7481710314750671, -0.6448840498924255, 0.10283420234918594, -0.8931609392166138, 0.38570353388786316, -0.23129279911518097, 1.204391360282898, 0.42178061604499817, 0.5398823022842407, -0.7284423112869263, -0.040595728904008865, 0.0, 0.0, 0.0, 1.0], [-0.13532742857933044, -0.7898798584938049, -0.598143994808197, 0.10980954766273499, -0.8488537669181824, 0.4037899076938629, -0.3411758840084076, 1.2076785564422607, 0.5110124945640564, 0.46156635880470276, -0.7251363396644592, -0.04063732922077179, 0.0, 0.0, 0.0, 1.0], [-0.1280919909477234, -0.8213851451873779, -0.5558046698570251, 0.11732465773820877, -0.8088114857673645, 0.41084131598472595, -0.4207533895969391, 1.2107114791870117, 0.5739481449127197, 0.3956460654735565, -0.716971218585968, -0.042560070753097534, 0.0, 0.0, 0.0, 1.0], [-0.13922712206840515, -0.8389106392860413, -0.5261604189872742, 0.12417382746934891, -0.7835710048675537, 0.4182182252407074, -0.4594670534133911, 1.2119311094284058, 0.605501651763916, 0.3483137786388397, -0.7155733704566956, -0.04784540832042694, 0.0, 0.0, 0.0, 1.0], [-0.16586439311504364, -0.8467695713043213, -0.5054407119750977, 0.12903998792171478, -0.7932385802268982, 0.4190687835216522, -0.4417622983455658, 1.2097378969192505, 0.5858852863311768, 0.32766246795654297, -0.7411988377571106, -0.05917764827609062, 0.0, 0.0, 0.0, 1.0], [-0.2048770934343338, -0.8477205038070679, -0.4892804026603699, 0.13052044808864594, -0.8326441645622253, 0.4137219190597534, -0.3681546151638031, 1.2044752836227417, 0.5145182609558105, 0.3319700360298157, -0.7906116843223572, -0.0776558369398117, 0.0, 0.0, 0.0, 1.0], [-0.24875149130821228, -0.847318708896637, -0.4692267179489136, 0.12868021428585052, -0.8867090940475464, 0.3941414952278137, -0.24165980517864227, 1.1978669166564941, 0.3897045850753784, 0.3559543490409851, -0.8493685126304626, -0.103489451110363, 0.0, 0.0, 0.0, 1.0], [-0.28759175539016724, -0.8534232974052429, -0.4346948564052582, 0.1244843378663063, -0.9365706443786621, 0.34552374482154846, -0.05872632563114166, 1.1925067901611328, 0.20031580328941345, 0.39023324847221375, -0.8986610174179077, -0.1372109204530716, 0.0, 0.0, 0.0, 1.0], [-0.3342527449131012, -0.8601933717727661, -0.38515257835388184, 0.1185528114438057, -0.942213773727417, 0.2952049970626831, 0.158389613032341, 1.1903343200683594, -0.022546730935573578, 0.41583821177482605, -0.9091590642929077, -0.17430150508880615, 0.0, 0.0, 0.0, 1.0], [-0.3744366765022278, -0.8698748350143433, -0.3211151659488678, 0.1128116026520729, -0.885944128036499, 0.23340509831905365, 0.4007806181907654, 1.1915879249572754, -0.27367904782295227, 0.4345570504665375, -0.8580558896064758, -0.21234610676765442, 0.0, 0.0, 0.0, 1.0], [-0.3036835193634033, -0.9497174024581909, -0.07624449580907822, 0.09899789839982986, -0.8161686062812805, 0.21802091598510742, 0.535103440284729, 1.2061375379562378, -0.49157416820526123, 0.2247304618358612, -0.8413388729095459, -0.2379511445760727, 0.0, 0.0, 0.0, 1.0], [-0.3793199360370636, -0.9252087473869324, 0.010257577523589134, 0.08140742033720016, -0.7335612773895264, 0.30746737122535706, 0.6060953736305237, 1.194982886314392, -0.5639185905456543, 0.22237950563430786, -0.7953258156776428, -0.2583959996700287, 0.0, 0.0, 0.0, 1.0], [-0.4643572270870209, -0.8854441046714783, 0.019003234803676605, 0.07209435850381851, -0.750223696231842, 0.40466514229774475, 0.5228866934776306, 1.1678870916366577, -0.47067689895629883, 0.2285495549440384, -0.8521903157234192, -0.2700118124485016, 0.0, 0.0, 0.0, 1.0], [-0.5467475056648254, -0.8372728824615479, 0.006419912446290255, 0.059149470180273056, -0.7347606420516968, 0.4834543466567993, 0.47581374645233154, 1.1427204608917236, -0.4014896750450134, 0.2554328739643097, -0.8795226216316223, -0.2857140898704529, 0.0, 0.0, 0.0, 1.0], [-0.6191719174385071, -0.7847165465354919, -0.029087837785482407, 0.04332553967833519, -0.7019033432006836, 0.5364607572555542, 0.4685525894165039, 1.1186906099319458, -0.3520765006542206, 0.3105314373970032, -0.8829566240310669, -0.3056824207305908, 0.0, 0.0, 0.0, 1.0], [-0.6738553643226624, -0.7351233959197998, -0.07424657046794891, 0.02675136923789978, -0.6711899638175964, 0.5670256614685059, 0.47747868299484253, 1.0966731309890747, -0.30890601873397827, 0.3715851306915283, -0.8755007386207581, -0.3281119465827942, 0.0, 0.0, 0.0, 1.0], [-0.7184121012687683, -0.685100257396698, -0.12050580233335495, 0.009795510210096836, -0.6443792581558228, 0.5901771783828735, 0.4862780272960663, 1.0768961906433105, -0.2620294392108917, 0.4269994795322418, -0.8654547929763794, -0.3523253798484802, 0.0, 0.0, 0.0, 1.0], [-0.7556048631668091, -0.635996401309967, -0.15674781799316406, -0.0066436599008738995, -0.6181830763816833, 0.6132581830024719, 0.4916951358318329, 1.0590152740478516, -0.21658943593502045, 0.46842607855796814, -0.8565430641174316, -0.37868115305900574, 0.0, 0.0, 0.0, 1.0], [-0.753233015537262, -0.6292766332626343, -0.1914443075656891, -0.018993500620126724, -0.6301140189170837, 0.6068535447120667, 0.4844430685043335, 1.0399330854415894, -0.1886700540781021, 0.4855302572250366, -0.8536181449890137, -0.40704575181007385, 0.0, 0.0, 0.0, 1.0], [-0.7411326169967651, -0.6285680532455444, -0.23584865033626556, -0.023198220878839493, -0.6529849767684937, 0.5932796597480774, 0.4707758128643036, 1.0224689245224, -0.15599043667316437, 0.5029129385948181, -0.8501444458961487, -0.4401231110095978, 0.0, 0.0, 0.0, 1.0], [-0.7003075480461121, -0.6629105806350708, -0.26479968428611755, -0.020809870213270187, -0.6998295783996582, 0.5644407868385315, 0.4377729892730713, 1.0065988302230835, -0.14074061810970306, 0.4918903708457947, -0.8592065572738647, -0.4782554507255554, 0.0, 0.0, 0.0, 1.0], [-0.6351776719093323, -0.7171573638916016, -0.2867657542228699, -0.010390879586338997, -0.7641394734382629, 0.5294480919837952, 0.3684774339199066, 0.993771493434906, -0.11242873221635818, 0.45317769050598145, -0.8843018412590027, -0.5198847055435181, 0.0, 0.0, 0.0, 1.0], [-0.5372400283813477, -0.7779382467269897, -0.32586076855659485, 0.010686789639294147, -0.8402184844017029, 0.45995745062828064, 0.2871793806552887, 0.9781526327133179, -0.07352571934461594, 0.4280785024166107, -0.900745689868927, -0.5668217539787292, 0.0, 0.0, 0.0, 1.0], [-0.4216649532318115, -0.821090042591095, -0.38472044467926025, 0.03964386135339737, -0.9058449864387512, 0.36247846484184265, 0.21921269595623016, 0.9587320685386658, -0.04054047912359238, 0.44093140959739685, -0.896624743938446, -0.618691623210907, 0.0, 0.0, 0.0, 1.0], [-0.36934182047843933, -0.7849816083908081, -0.49738365411758423, 0.06466907262802124, -0.9289901852607727, 0.325560063123703, 0.1760336458683014, 0.9385368227958679, 0.023745082318782806, 0.5270811319351196, -0.8494831919670105, -0.673295795917511, 0.0, 0.0, 0.0, 1.0], [-0.45110636949539185, -0.5390757322311401, -0.7112667560577393, 0.0658685564994812, -0.8766039609909058, 0.4172443151473999, 0.2397347092628479, 0.9201582074165344, 0.1675368696451187, 0.7316451072692871, -0.6607774496078491, -0.7284530997276306, 0.0, 0.0, 0.0, 1.0], [-0.35217830538749695, 0.3434605598449707, -0.8706349730491638, 0.055101290345191956, -0.2164640873670578, 0.8751200437545776, 0.43279123306274414, 0.947982907295227, 0.9105568528175354, 0.3408808708190918, -0.23385141789913177, -0.7268249988555908, 0.0, 0.0, 0.0, 1.0], [-0.011178083717823029, 0.47995907068252563, -0.8772196769714355, 0.08303043991327286, -0.09392768144607544, 0.8728916049003601, 0.47878792881965637, 0.9410600662231445, 0.9955162405967712, 0.08774714171886444, 0.03532418608665466, -0.7556899785995483, 0.0, 0.0, 0.0, 1.0], [0.25377172231674194, 0.5380622148513794, -0.8037965893745422, 0.11897023767232895, -0.2177274227142334, 0.8414497375488281, 0.4945271611213684, 0.9316043853759766, 0.9424408078193665, 0.049511540681123734, 0.3306870460510254, -0.774826169013977, 0.0, 0.0, 0.0, 1.0], [0.5058289766311646, 0.5087971687316895, -0.6966078281402588, 0.16084407269954681, -0.24998915195465088, 0.8593432903289795, 0.4461328685283661, 0.9369900226593018, 0.8256164193153381, -0.05152253806591034, 0.561874508857727, -0.7951890826225281, 0.0, 0.0, 0.0, 1.0], [0.6525334715843201, 0.4598303437232971, -0.6022923588752747, 0.19813057780265808, -0.27056536078453064, 0.8838256597518921, 0.38163673877716064, 0.9531503319740295, 0.707809567451477, -0.08607128262519836, 0.7011399865150452, -0.8204364776611328, 0.0, 0.0, 0.0, 1.0], [0.7724451422691345, 0.3645417392253876, -0.5200363993644714, 0.2335941195487976, -0.23463858664035797, 0.9247283935546875, 0.2997033894062042, 0.9861783385276794, 0.5901468396186829, -0.10948381572961807, 0.7998374700546265, -0.8625003695487976, 0.0, 0.0, 0.0, 1.0], [0.8610514402389526, 0.2381347119808197, -0.44931307435035706, 0.25667333602905273, -0.124481700360775, 0.9553977847099304, 0.2678048312664032, 1.0226964950561523, 0.4930463433265686, -0.1746624857187271, 0.8522900342941284, -0.9137390851974487, 0.0, 0.0, 0.0, 1.0], [0.9011737108230591, 0.14050224423408508, -0.410055011510849, 0.26592937111854553, -0.004179392941296101, 0.9487807750701904, 0.3159075379371643, 1.0585293769836426, 0.4334380328655243, -0.2829737663269043, 0.8556034564971924, -0.9747061133384705, 0.0, 0.0, 0.0, 1.0], [0.926230251789093, 0.07276182621717453, -0.3698691725730896, 0.26728859543800354, 0.07444684207439423, 0.9265599250793457, 0.3687063753604889, 1.0800962448120117, 0.3695336878299713, -0.3690425753593445, 0.8527909517288208, -1.0227680206298828, 0.0, 0.0, 0.0, 1.0], [0.9458759427070618, 0.03089040517807007, -0.3230549693107605, 0.2674404978752136, 0.11083716154098511, 0.9048529267311096, 0.4110429584980011, 1.0943186283111572, 0.3050145208835602, -0.4246021509170532, 0.8524547815322876, -1.0598039627075195, 0.0, 0.0, 0.0, 1.0], [0.9538395404815674, -0.008289325051009655, -0.30020228028297424, 0.2668653726577759, 0.14518699049949646, 0.8877686262130737, 0.4367924630641937, 1.1071691513061523, 0.26288944482803345, -0.46021538972854614, 0.8479923009872437, -1.084804654121399, 0.0, 0.0, 0.0, 1.0], [0.9453567862510681, -0.04013926163315773, -0.3235573172569275, 0.26457855105400085, 0.1874159723520279, 0.8789500594139099, 0.4385453760623932, 1.1216317415237427, 0.2667878270149231, -0.4752216637134552, 0.838444173336029, -1.0991215705871582, 0.0, 0.0, 0.0, 1.0], [0.9293898940086365, -0.0600721649825573, -0.3641781508922577, 0.26101019978523254, 0.21971599757671356, 0.8828500509262085, 0.4150911271572113, 1.1355760097503662, 0.2965793013572693, -0.4657972753047943, 0.8337107300758362, -1.108314871788025, 0.0, 0.0, 0.0, 1.0], [0.9129635095596313, -0.07127322256565094, -0.4017683267593384, 0.2577751874923706, 0.2319185882806778, 0.9007614254951477, 0.36720922589302063, 1.1471631526947021, 0.33572521805763245, -0.42842617630958557, 0.838891863822937, -1.113974690437317, 0.0, 0.0, 0.0, 1.0], [0.9072721004486084, -0.07863082736730576, -0.41312775015830994, 0.2566787302494049, 0.22047482430934906, 0.9254740476608276, 0.30803996324539185, 1.1555137634277344, 0.35811758041381836, -0.37056031823158264, 0.8569929003715515, -1.1193073987960815, 0.0, 0.0, 0.0, 1.0], [0.9195375442504883, -0.0813630148768425, -0.38448771834373474, 0.25932714343070984, 0.19174326956272125, 0.946872353553772, 0.2582000494003296, 1.1610360145568848, 0.34305283427238464, -0.311147540807724, 0.8862854838371277, -1.1289398670196533, 0.0, 0.0, 0.0, 1.0], [0.9421756863594055, -0.07887543737888336, -0.3257049322128296, 0.2638406455516815, 0.15799567103385925, 0.9616611003875732, 0.2241545170545578, 1.1655335426330566, 0.29553747177124023, -0.2626529037952423, 0.918515682220459, -1.143531084060669, 0.0, 0.0, 0.0, 1.0], [0.9664255976676941, -0.06657039374113083, -0.24817319214344025, 0.26723361015319824, 0.11940789222717285, 0.9715827107429504, 0.20437423884868622, 1.168166160583496, 0.22751550376415253, -0.22714634239673615, 0.9469113945960999, -1.1610270738601685, 0.0, 0.0, 0.0, 1.0], [0.984546959400177, -0.04039918631315231, -0.17039714753627777, 0.26751387119293213, 0.07344197481870651, 0.9785772562026978, 0.1923350691795349, 1.1690993309020996, 0.15897659957408905, -0.20187720656394958, 0.9664222598075867, -1.1795096397399902, 0.0, 0.0, 0.0, 1.0], [0.9945030808448792, 0.005960904527455568, -0.10453743487596512, 0.26414167881011963, 0.013787255622446537, 0.9822304248809814, 0.18717171251773834, 1.1682754755020142, 0.10379556566476822, -0.18758413195610046, 0.976749062538147, -1.1969103813171387, 0.0, 0.0, 0.0, 1.0], [0.9963428974151611, 0.07218708097934723, -0.045714959502220154, 0.25733861327171326, -0.06230117380619049, 0.9799023270606995, 0.18949943780899048, 1.1654132604599, 0.05847560614347458, -0.18595832586288452, 0.9808160662651062, -1.2126356363296509, 0.0, 0.0, 0.0, 1.0], [0.9892438054084778, 0.1457437425851822, 0.012469778768718243, 0.24816471338272095, -0.14539498090744019, 0.9703614115715027, 0.1930261254310608, 1.1614558696746826, 0.016032157465815544, -0.19276294112205505, 0.981114387512207, -1.2268673181533813, 0.0, 0.0, 0.0, 1.0], [0.9725406169891357, 0.21833042800426483, 0.08060143887996674, 0.23760457336902618, -0.2297200709581375, 0.9560907483100891, 0.18198680877685547, 1.1574265956878662, -0.03732903301715851, -0.19550533592700958, 0.9799919724464417, -1.2419233322143555, 0.0, 0.0, 0.0, 1.0], [0.9460731744766235, 0.2893029451370239, 0.14577171206474304, 0.2267472892999649, -0.30921587347984314, 0.9406222105026245, 0.1400551199913025, 1.1553212404251099, -0.09659774601459503, -0.17757731676101685, 0.9793544411659241, -1.258934736251831, 0.0, 0.0, 0.0, 1.0], [0.9206073880195618, 0.345268189907074, 0.18240606784820557, 0.2185535579919815, -0.36439216136932373, 0.9274964332580566, 0.08347918093204498, 1.1556346416473389, -0.14035826921463013, -0.14331889152526855, 0.9796730279922485, -1.2760945558547974, 0.0, 0.0, 0.0, 1.0], [0.9010002017021179, 0.38634297251701355, 0.19732649624347687, 0.21379950642585754, -0.4000077545642853, 0.9159101843833923, 0.03320193663239479, 1.156582236289978, -0.1679060161113739, -0.10884708166122437, 0.9797754287719727, -1.2918027639389038, 0.0, 0.0, 0.0, 1.0], [0.8832653760910034, 0.4232468605041504, 0.2017531841993332, 0.21057839691638947, -0.43239128589630127, 0.9016849994659424, 0.0013923734659329057, 1.1559817790985107, -0.18132850527763367, -0.08846615254878998, 0.979435384273529, -1.3039363622665405, 0.0, 0.0, 0.0, 1.0], [0.8610953092575073, 0.46504735946655273, 0.20553778111934662, 0.20712384581565857, -0.4719945192337036, 0.8814390301704407, -0.01692444644868374, 1.15336012840271, -0.1890396922826767, -0.08243913948535919, 0.9785028100013733, -1.3133554458618164, 0.0, 0.0, 0.0, 1.0], [0.8336671590805054, 0.5084665417671204, 0.21554777026176453, 0.20293651521205902, -0.5155258774757385, 0.8564648628234863, -0.026475513353943825, 1.1495765447616577, -0.19807100296020508, -0.08904869109392166, 0.9761343002319336, -1.321686029434204, 0.0, 0.0, 0.0, 1.0], [0.7975293397903442, 0.556532621383667, 0.2328484058380127, 0.19671453535556793, -0.5651761293411255, 0.8242577910423279, -0.03427892550826073, 1.1447951793670654, -0.21100445091724396, -0.10426191240549088, 0.9719087481498718, -1.3298314809799194, 0.0, 0.0, 0.0, 1.0], [0.7533031702041626, 0.6071548461914062, 0.2527792453765869, 0.1884032040834427, -0.6170648336410522, 0.7854642868041992, -0.04771588370203972, 1.1404162645339966, -0.22751998901367188, -0.12003665417432785, 0.9663466811180115, -1.337770700454712, 0.0, 0.0, 0.0, 1.0], [0.7129114270210266, 0.6473917365074158, 0.2695203721523285, 0.1807958036661148, -0.6581757068634033, 0.7503551840782166, -0.06141569837927818, 1.1380367279052734, -0.24199600517749786, -0.13360780477523804, 0.9610342979431152, -1.3448371887207031, 0.0, 0.0, 0.0, 1.0], [0.6856158971786499, 0.6714575886726379, 0.2812037765979767, 0.17569294571876526, -0.6830916404724121, 0.7269404530525208, -0.07030905783176422, 1.1384162902832031, -0.25162795186042786, -0.14388294517993927, 0.9570689797401428, -1.3517085313796997, 0.0, 0.0, 0.0, 1.0], [0.6735577583312988, 0.6805129647254944, 0.2884822189807892, 0.1730681210756302, -0.6934701800346375, 0.7168837189674377, -0.07195047289133072, 1.1409677267074585, -0.2557714283466339, -0.15159101784229279, 0.9547780752182007, -1.3588035106658936, 0.0, 0.0, 0.0, 1.0], [0.712334156036377, 0.6351447105407715, 0.2986156642436981, 0.17608515918254852, -0.6503539681434631, 0.7573072910308838, -0.059375252574682236, 1.1548254489898682, -0.2638556957244873, -0.15191085636615753, 0.9525246620178223, -1.3711724281311035, 0.0, 0.0, 0.0, 1.0], [0.705244243144989, 0.6459303498268127, 0.29224061965942383, 0.1715499609708786, -0.6632583737373352, 0.7467269897460938, -0.04987144097685814, 1.1527767181396484, -0.2504374384880066, -0.15865947306156158, 0.955043613910675, -1.3752325773239136, 0.0, 0.0, 0.0, 1.0], [0.7031229138374329, 0.6530347466468811, 0.28136059641838074, 0.16653142869472504, -0.6711874604225159, 0.7401733994483948, -0.04062987491488457, 1.1506041288375854, -0.23478834331035614, -0.16027790307998657, 0.9587416052818298, -1.378968596458435, 0.0, 0.0, 0.0, 1.0], [0.7033052444458008, 0.657275915145874, 0.27083224058151245, 0.16073843836784363, -0.6763606071472168, 0.7359709739685059, -0.029715877026319504, 1.1487360000610352, -0.21885620057582855, -0.16228091716766357, 0.9621677994728088, -1.3826487064361572, 0.0, 0.0, 0.0, 1.0], [0.7042186260223389, 0.6589823365211487, 0.26423174142837524, 0.15504182875156403, -0.6795499324798584, 0.7334088087081909, -0.017983440309762955, 1.1474915742874146, -0.20564065873622894, -0.16689437627792358, 0.9642915725708008, -1.3857265710830688, 0.0, 0.0, 0.0, 1.0], [0.7044286131858826, 0.6597692370414734, 0.26169613003730774, 0.15240910649299622, -0.680903434753418, 0.7322531342506409, -0.013260703533887863, 1.1470082998275757, -0.20037683844566345, -0.16884857416152954, 0.965059220790863, -1.3869932889938354, 0.0, 0.0, 0.0, 1.0]], "femur_r": [[0.46410617232322693, 0.2018662393093109, -0.8624705672264099, 0.01292373426258564, -0.07707621902227402, 0.9791955351829529, 0.1877107173204422, 1.1951206922531128, 0.8824198246002197, -0.02064172923564911, 0.47000977396965027, -0.13306327164173126, 0.0, 0.0, 0.0, 1.0], [0.47029629349708557, 0.19508236646652222, -0.860676646232605, 0.0026980142574757338, -0.06907086074352264, 0.9804065227508545, 0.18447840213775635, 1.1930818557739258, 0.8798014521598816, -0.027311837300658226, 0.4745560586452484, -0.137245774269104, 0.0, 0.0, 0.0, 1.0], [0.48050764203071594, 0.18556444346904755, -0.8571337461471558, -0.010730207897722721, -0.060515306890010834, 0.9820441007614136, 0.17868202924728394, 1.1910347938537598, 0.8749001622200012, -0.03398836776614189, 0.48310917615890503, -0.14308270812034607, 0.0, 0.0, 0.0, 1.0], [0.48861590027809143, 0.17667117714881897, -0.8544248342514038, -0.02314830757677555, -0.05475093796849251, 0.9835631847381592, 0.1720632165670395, 1.190321683883667, 0.8707794547080994, -0.03729226440191269, 0.49025753140449524, -0.14896664023399353, 0.0, 0.0, 0.0, 1.0], [0.49185770750045776, 0.16759197413921356, -0.8543938994407654, -0.03355846554040909, -0.04899794980883598, 0.9850727319717407, 0.16501787304878235, 1.1909596920013428, 0.8692958354949951, -0.039301760494709015, 0.49272727966308594, -0.1540660858154297, 0.0, 0.0, 0.0, 1.0], [0.48977288603782654, 0.15747635066509247, -0.8575102090835571, -0.0422787144780159, -0.039120253175497055, 0.9865311980247498, 0.15882644057273865, 1.1926860809326172, 0.8709719181060791, -0.04424286633729935, 0.4893367290496826, -0.15896087884902954, 0.0, 0.0, 0.0, 1.0], [0.4906253516674042, 0.1523919403553009, -0.8579413890838623, -0.04746430739760399, -0.03832564130425453, 0.9874095320701599, 0.1534716933965683, 1.193402647972107, 0.8705273866653442, -0.04241595044732094, 0.4902886748313904, -0.16108550131320953, 0.0, 0.0, 0.0, 1.0], [0.4897729456424713, 0.1463160514831543, -0.8594847917556763, -0.05176413059234619, -0.03190087527036667, 0.9881646037101746, 0.1500435471534729, 1.194532036781311, 0.8712661862373352, -0.0460689552128315, 0.4886438846588135, -0.16415603458881378, 0.0, 0.0, 0.0, 1.0], [0.4886481761932373, 0.14548057317733765, -0.8602664470672607, -0.05323481932282448, -0.030875395983457565, 0.988266110420227, 0.14958889782428741, 1.1951136589050293, 0.8719344139099121, -0.046535272151231766, 0.4874061942100525, -0.16589540243148804, 0.0, 0.0, 0.0, 1.0], [0.48803868889808655, 0.14522290229797363, -0.8606559038162231, -0.05392168462276459, -0.029002752155065536, 0.9882148504257202, 0.15030044317245483, 1.1956583261489868, 0.8723400235176086, -0.04839104786515236, 0.48649895191192627, -0.1674068421125412, 0.0, 0.0, 0.0, 1.0], [0.4878346920013428, 0.1459878832101822, -0.86064213514328, -0.054133277386426926, -0.02793629840016365, 0.98802250623703, 0.15175996720790863, 1.1958993673324585, 0.8724889159202576, -0.04999062418937683, 0.48607000708580017, -0.1683906465768814, 0.0, 0.0, 0.0, 1.0], [0.4894075095653534, 0.1479540467262268, -0.8594124913215637, -0.05344243347644806, -0.02855452336370945, 0.9876928329467773, 0.15377753973007202, 1.1953824758529663, 0.8715875744819641, -0.05071977153420448, 0.48760905861854553, -0.16854926943778992, 0.0, 0.0, 0.0, 1.0], [0.49013999104499817, 0.15020859241485596, -0.8586035966873169, -0.051897913217544556, -0.029424697160720825, 0.9873295426368713, 0.1559312790632248, 1.1947396993637085, 0.8711469173431396, -0.05116400495171547, 0.4883495271205902, -0.1682262420654297, 0.0, 0.0, 0.0, 1.0], [0.4884682893753052, 0.15455985069274902, -0.858784019947052, -0.0483514741063118, -0.03294596076011658, 0.9867526292800903, 0.15885168313980103, 1.1941628456115723, 0.8719594478607178, -0.04930054768919945, 0.48708948493003845, -0.1671009659767151, 0.0, 0.0, 0.0, 1.0], [0.48405221104621887, 0.1592775285243988, -0.8604208827018738, -0.04347939044237137, -0.03608246147632599, 0.9860910773277283, 0.16224193572998047, 1.1940077543258667, 0.8742948770523071, -0.04748745635151863, 0.4830666780471802, -0.16549906134605408, 0.0, 0.0, 0.0, 1.0], [0.4778134524822235, 0.16615170240402222, -0.8626053333282471, -0.03665190935134888, -0.041971977800130844, 0.985146701335907, 0.1665060818195343, 1.194205403327942, 0.8774580359458923, -0.043353598564863205, 0.47769007086753845, -0.16280987858772278, 0.0, 0.0, 0.0, 1.0], [0.46908167004585266, 0.17269757390022278, -0.8661050200462341, -0.02867678739130497, -0.0459030419588089, 0.9841365218162537, 0.1713714897632599, 1.1949013471603394, 0.8819610476493835, -0.04063037410378456, 0.46956774592399597, -0.15985910594463348, 0.0, 0.0, 0.0, 1.0], [0.45916154980659485, 0.18121573328971863, -0.8696732521057129, -0.01901736482977867, -0.05188217759132385, 0.9827721118927002, 0.17739015817642212, 1.1959609985351562, 0.8868364691734314, -0.036330193281173706, 0.46065300703048706, -0.1560068428516388, 0.0, 0.0, 0.0, 1.0], [0.44834262132644653, 0.19085706770420074, -0.8732482194900513, -0.007814773358404636, -0.05839734897017479, 0.9811058044433594, 0.18444807827472687, 1.1973553895950317, 0.8919521570205688, -0.03170054778456688, 0.4510171115398407, -0.15160982310771942, 0.0, 0.0, 0.0, 1.0], [0.4377819001674652, 0.2004249393939972, -0.8764569759368896, 0.004017940256744623, -0.06565350294113159, 0.9793601036071777, 0.19116315245628357, 1.1988786458969116, 0.8966808915138245, -0.02614530362188816, 0.441904753446579, -0.14645779132843018, 0.0, 0.0, 0.0, 1.0], [0.4265180826187134, 0.2104622721672058, -0.879652202129364, 0.01714346371591091, -0.0736474096775055, 0.977402925491333, 0.1981402486562729, 1.2006866931915283, 0.9014756679534912, -0.01972629874944687, 0.4323800504207611, -0.14067034423351288, 0.0, 0.0, 0.0, 1.0], [0.414773166179657, 0.22003494203090668, -0.8829200863838196, 0.031247543171048164, -0.08162561804056168, 0.9754073619842529, 0.2047383338212967, 1.2030457258224487, 0.9062563180923462, -0.012851070612668991, 0.4225332736968994, -0.1343877762556076, 0.0, 0.0, 0.0, 1.0], [0.4012237787246704, 0.22835445404052734, -0.8870590329170227, 0.04589299112558365, -0.08881121128797531, 0.9735616445541382, 0.21045269072055817, 1.2060692310333252, 0.9116644263267517, -0.0056578293442726135, 0.41089650988578796, -0.12794825434684753, 0.0, 0.0, 0.0, 1.0], [0.38466528058052063, 0.2353822886943817, -0.8925400972366333, 0.06179449334740639, -0.09605307132005692, 0.9718980193138123, 0.21491393446922302, 1.210176944732666, 0.9180448651313782, 0.0030612871050834656, 0.39646461606025696, -0.12173043191432953, 0.0, 0.0, 0.0, 1.0], [0.36548322439193726, 0.23985247313976288, -0.8993846774101257, 0.07832382619380951, -0.10375674068927765, 0.9707067608833313, 0.21670934557914734, 1.2147705554962158, 0.9250170588493347, 0.01411359291523695, 0.379663348197937, -0.11590345948934555, 0.0, 0.0, 0.0, 1.0], [0.33819779753685, 0.24105119705200195, -0.9096793532371521, 0.09606021642684937, -0.11002431064844131, 0.9701372981071472, 0.2161671370267868, 1.2205815315246582, 0.934621274471283, 0.026979593560099602, 0.3546198010444641, -0.11105000972747803, 0.0, 0.0, 0.0, 1.0], [0.30515560507774353, 0.23543627560138702, -0.9227403998374939, 0.11388412117958069, -0.10996482521295547, 0.971187174320221, 0.21143141388893127, 1.2276098728179932, 0.9459322094917297, 0.03694950044155121, 0.32225292921066284, -0.10711377114057541, 0.0, 0.0, 0.0, 1.0], [0.26638931035995483, 0.2243860363960266, -0.9373834133148193, 0.13167083263397217, -0.10679630935192108, 0.9734082221984863, 0.20265968143939972, 1.2356986999511719, 0.9579307436943054, 0.0461227148771286, 0.28326913714408875, -0.1029035747051239, 0.0, 0.0, 0.0, 1.0], [0.22573888301849365, 0.21196028590202332, -0.9508495330810547, 0.1502057909965515, -0.09980286657810211, 0.9759395122528076, 0.1938593089580536, 1.2466049194335938, 0.969062089920044, 0.05113592371344566, 0.24146175384521484, -0.09906838834285736, 0.0, 0.0, 0.0, 1.0], [0.19499088823795319, 0.19241340458393097, -0.9617461562156677, 0.1675633043050766, -0.08840397745370865, 0.9800247550010681, 0.17814671993255615, 1.2605125904083252, 0.9768128395080566, 0.05028519779443741, 0.20810599625110626, -0.0960032194852829, 0.0, 0.0, 0.0, 1.0], [0.17757688462734222, 0.16131578385829926, -0.9707953929901123, 0.18184147775173187, -0.07300054281949997, 0.9859148859977722, 0.15047499537467957, 1.2758572101593018, 0.9813956022262573, 0.044147707521915436, 0.18685182929039001, -0.09331022202968597, 0.0, 0.0, 0.0, 1.0], [0.1427241712808609, 0.11580999940633774, -0.9829638004302979, 0.19181235134601593, -0.05487634241580963, 0.9925292730331421, 0.10896904766559601, 1.292722463607788, 0.9882400631904602, 0.038388941437006, 0.1480131447315216, -0.09132188558578491, 0.0, 0.0, 0.0, 1.0], [0.08733884245157242, 0.05512049049139023, -0.994652509689331, 0.19702069461345673, -0.03630184754729271, 0.9979809522628784, 0.05211733281612396, 1.3093825578689575, 0.9955170154571533, 0.03155585750937462, 0.08916347473859787, -0.08976083993