{"n_frames": 80, "duration": 2.37, "times": [0.0, 0.03, 0.06, 0.09, 0.12, 0.15, 0.18, 0.21, 0.24, 0.27, 0.3, 0.33, 0.36, 0.39, 0.42, 0.45, 0.48, 0.51, 0.54, 0.57, 0.6, 0.63, 0.66, 0.69, 0.72, 0.75, 0.78, 0.81, 0.84, 0.87, 0.9, 0.93, 0.96, 0.99, 1.02, 1.05, 1.08, 1.11, 1.14, 1.17, 1.2, 1.23, 1.26, 1.29, 1.32, 1.35, 1.38, 1.41, 1.44, 1.47, 1.5, 1.53, 1.56, 1.59, 1.62, 1.65, 1.68, 1.71, 1.74, 1.77, 1.8, 1.83, 1.86, 1.89, 1.92, 1.95, 1.98, 2.01, 2.04, 2.07, 2.1, 2.13, 2.16, 2.19, 2.22, 2.25, 2.28, 2.31, 2.34, 2.37], "bodies": ["pelvis", "femur_r", "tibia_r", "patella_r", "talus_r", "calcn_r", "toes_r", "femur_l", "tibia_l", "patella_l", "talus_l", "calcn_l", "toes_l", "torso", "humerus_r", "ulna_r", "radius_r", "hand_r", "humerus_l", "ulna_l", "radius_l", "hand_l"], "transforms": {"pelvis": [[0.985936711309576, -0.16130281989645692, -0.0437058529891453, -0.571507390037919, 0.16266773604441917, 0.9862340100843503, 0.029693181088005585, 0.98297341944388, 0.038314604816450396, -0.036385129467862404, 0.9986030810143567, -0.2549213102849464, 0.0, 0.0, 0.0, 1.0], [0.9877351265174955, -0.15459310170289758, -0.02191558234098266, -0.5368214998554868, 0.15550006065895394, 0.986639314812739, 0.04860651809078721, 0.9870212985699696, 0.014108542749996502, -0.05141823967937776, 0.9985775451359526, -0.2574609098302817, 0.0, 0.0, 0.0, 1.0], [0.9893385187739636, -0.14562914655426948, -0.0012028898596031846, -0.5034916393337625, 0.14542150134247006, 0.9874143208883484, 0.0621735140707323, 0.9882469688272492, -0.007866525118577054, -0.06168557836704362, 0.9980646307750223, -0.2590131094184347, 0.0, 0.0, 0.0, 1.0], [0.9893036353565708, -0.1434367178823673, 0.02653723861684348, -0.46956955019085, 0.14099994277881567, 0.9869307794742667, 0.07801700239490639, 0.987837939624082, -0.037380920355762105, -0.07344075496242046, 0.996598776992981, -0.26023026021787565, 0.0, 0.0, 0.0, 1.0], [0.9891375312249092, -0.1371147779644868, 0.05297623982542924, -0.43517568010372215, 0.1327469851531228, 0.9880230638704154, 0.07866805700456578, 0.9843988294976453, -0.06312829995373315, -0.07078109157018207, 0.9954922675847788, -0.2607206401427999, 0.0, 0.0, 0.0, 1.0], [0.9892743377059606, -0.12442223752494389, 0.0765205303544034, -0.3998373897535875, 0.11902552779959165, 0.9903160443228604, 0.07146366971231587, 0.978341687856658, -0.08467117861741005, -0.061589278011751264, 0.9945036713584972, -0.260564359619341, 0.0, 0.0, 0.0, 1.0], [0.9895713861156121, -0.10646400364916976, 0.09702519110115446, -0.3627095300317591, 0.10057429017817841, 0.9928877066806112, 0.06370882260465903, 0.9703355683951475, -0.10311781580494003, -0.053286188168285356, 0.9932408057536262, -0.25982854997606836, 0.0, 0.0, 0.0, 1.0], [0.9905421714570078, -0.08648510298593669, 0.10652010855583918, -0.3250360000715457, 0.08079341319282074, 0.9951200079272061, 0.05664445434119721, 0.9611693394313384, -0.11089919273777415, -0.047502597660230794, 0.9926957601730959, -0.25814249989219423, 0.0, 0.0, 0.0, 1.0], [0.9915616634146075, -0.06499174896481327, 0.11216746503755409, -0.2872023299229791, 0.0597943681081741, 0.9970025448231316, 0.04909744554193732, 0.9522700584348072, -0.11502217694427627, -0.041976162076755225, 0.9924756423350173, -0.2563233495925876, 0.0, 0.0, 0.0, 1.0], [0.9914469915867082, -0.0592112342880452, 0.11630517016775989, -0.24765665958164573, 0.05395574343677105, 0.9973971549117518, 0.04782983508363886, 0.9455614180840606, -0.11883450939794678, -0.0411454141798205, 0.9920611948202188, -0.2541895093731652, 0.0, 0.0, 0.0, 1.0], [0.990812127920473, -0.0646336744270309, 0.11880157951712839, -0.20587085994776924, 0.05890548847539001, 0.9969540658092513, 0.05111491068052938, 0.9412905588127318, -0.12174346221945434, -0.0436472083467359, 0.9916014575475154, -0.2517598597355404, 0.0, 0.0, 0.0, 1.0], [0.9901254772607656, -0.07269153141703488, 0.11986442566244157, -0.1621878199534966, 0.06561162295306687, 0.9959175160917266, 0.06199529074977903, 0.9395439590117073, -0.12388161369874602, -0.05351861733949487, 0.9908527152838927, -0.2489198197975473, 0.0, 0.0, 0.0, 1.0], [0.9887917530055363, -0.07736818509253918, 0.12769116306042796, -0.11651574004560925, 0.06928106184309836, 0.99537091217063, 0.06660992174219228, 0.9413611094686626, -0.1322535582059363, -0.05701676192221724, 0.9895746991520015, -0.2468374601448337, 0.0, 0.0, 0.0, 1.0], [0.9853414039411318, -0.09854623954757398, 0.1392514141772044, -0.070259879971675, 0.08995321911045585, 0.9937082876720824, 0.06672523797997326, 0.9470587085248282, -0.14495080562378906, -0.05322102669857007, 0.9880064707612822, -0.24519422969150836, 0.0, 0.0, 0.0, 1.0], [0.9823247749806818, -0.12502221461976507, 0.13931074011260575, -0.026314690007401033, 0.11570270192067793, 0.9905881030217087, 0.07313067017405993, 0.9539428289164069, -0.147142520120485, -0.05571944008532203, 0.9875446434309544, -0.2419548700861616, 0.0, 0.0, 0.0, 1.0], [0.9790200159182761, -0.155212360046417, 0.13201867943666215, 0.0149971499956305, 0.14642757346700008, 0.9864578828568863, 0.07389053442814049, 0.9605567087126038, -0.14169959124833437, -0.05300913730981984, 0.9884893814309407, -0.23876750982294065, 0.0, 0.0, 0.0, 1.0], [0.9740746088015436, -0.18927086740570984, 0.12391608144066714, 0.054809780002523484, 0.18134710624608474, 0.9807449150201779, 0.07247509032926798, 0.9675858288300684, -0.13524748997408825, -0.04812432247371908, 0.9896424435330948, -0.23539453996308382, 0.0, 0.0, 0.0, 1.0], [0.9737186509545127, -0.19942517153599362, 0.11000722585886649, 0.09234581998898454, 0.19454833778173075, 0.9794315637745722, 0.05352341682349834, 0.9745941988966691, -0.11841846583067078, -0.030715026289030965, 0.9924886166150091, -0.23156185991236453, 0.0, 0.0, 0.0, 1.0], [0.9735382391023463, -0.20288399889219613, 0.10517309541424619, 0.12929793998534803, 0.2004285647402227, 0.9791345694252521, 0.03352439995884301, 0.9820680592903362, -0.10978017781766035, -0.011557592739730931, 0.9938886932692137, -0.22899101992628002, 0.0, 0.0, 0.0, 1.0], [0.9745027420419999, -0.20494092400583497, 0.09134343665670551, 0.16660421996649358, 0.20486801015790912, 0.9787356753958992, 0.010275024149432451, 0.9888870788293196, -0.09150685311255018, 0.00870030890067458, 0.9957664387086315, -0.22670145987798818, 0.0, 0.0, 0.0, 1.0], [0.9758705103808275, -0.2050705605383822, 0.07498541304504713, 0.20238898979553577, 0.20670053189650708, 0.9782956093248492, -0.014580496885322805, 0.9933363885223215, -0.0703678696761786, 0.02972820169797656, 0.9970780295147619, -0.2247556395689412, 0.0, 0.0, 0.0, 1.0], [0.9775685964224674, -0.20264591241613328, 0.05739576177419163, 0.23727502001125517, 0.2048433824121969, 0.9781560916031661, -0.03535320553428299, 0.9948323001135825, -0.04897783141929981, 0.046317325491134126, 0.9977253516819199, -0.2231518200521242, 0.0, 0.0, 0.0, 1.0], [0.9791069201416303, -0.1994460297825911, 0.039634834864462565, 0.2711444698502156, 0.2012224253575377, 0.9783948817635217, -0.047465680993477546, 0.9933342083234894, -0.029311677945856464, 0.05444939433002156, 0.998086213206601, -0.2224932096117081, 0.0, 0.0, 0.0, 1.0], [0.9810192989945895, -0.19289785291159325, 0.01978770684696753, 0.30522210997923405, 0.19365814940309314, 0.9798304742914449, -0.04928247984396959, 0.9890421594482547, -0.00988211363694366, 0.05217911451816068, 0.9985888462416187, -0.22218764996558873, 0.0, 0.0, 0.0, 1.0], [0.9843450817904907, -0.1761744793475845, 0.00522616316996148, 0.3402744103771166, 0.1762469049126175, 0.983658949214484, -0.03677091430708999, 0.9816831597798557, 0.0013373345109984796, 0.037116363734397646, 0.9993100555280835, -0.22210660048549352, 0.0, 0.0, 0.0, 1.0], [0.9880148801365701, -0.15422339876962576, -0.006460642434316633, 0.3762451200349598, 0.15409593077800923, 0.987909864094862, -0.016986598886480287, 0.971820379455504, 0.009002263403060574, 0.01578745375341389, 0.9998348441405739, -0.22196227999694781, 0.0, 0.0, 0.0, 1.0], [0.9917147490927359, -0.127951365233708, -0.011415102573449685, 0.41228897021026006, 0.12801032382705463, 0.9917622132023628, 0.004590147889085281, 0.9610349898151617, 0.010733751703143363, -0.006013368339069099, 0.9999243101233183, -0.22250304018196587, 0.0, 0.0, 0.0, 1.0], [0.9940087510050961, -0.10835758743263929, -0.014326066140655734, 0.4489341799548769, 0.1085246774672301, 0.99402782119205, 0.011449239137137999, 0.9518706590656558, 0.012999896381209594, -0.01293537560195408, 0.9998318252346811, -0.22436597991467702, 0.0, 0.0, 0.0, 1.0], [0.9934629922938067, -0.11184530950339233, -0.0228453427360302, 0.4884208899619308, 0.1118310067172837, 0.9937254099541888, -0.0019067112992589889, 0.9468669891545602, 0.02291525429130479, -0.0006605705641693946, 0.9997371928498484, -0.2271431099406353, 0.0, 0.0, 0.0, 1.0], [0.9917866171453907, -0.12428386693130107, -0.03021301825215134, 0.5302293499185743, 0.12376489280033591, 0.9921393449557123, -0.01848706307047258, 0.944276099419827, 0.03227316782442559, 0.014595910778465377, 0.9993725041380334, -0.23068005991329954, 0.0, 0.0, 0.0, 1.0], [0.9907348162197118, -0.1294227849031518, -0.04116147079499166, 0.5737844999681757, 0.12825595127649522, 0.9912921543076675, -0.029837489341850175, 0.9431301294612892, 0.04466469402397977, 0.024281835926804198, 0.9987068927126558, -0.23457121996184196, 0.0, 0.0, 0.0, 1.0], [0.9899250929599632, -0.12903867804997815, -0.058286618492775485, 0.6189872698809439, 0.12746643672479335, 0.9913906775726139, -0.029947152298640135, 0.9442200788511909, 0.06164915114494702, 0.02221584995510598, 0.9978506091464192, -0.2378810798499178, 0.0, 0.0, 0.0, 1.0], [0.9882815546814111, -0.1366871479382018, -0.06794256592897771, 0.6634175801565037, 0.1347217347413121, 0.9903426040108064, -0.03273500984248007, 0.948063610505881, 0.07176087279837723, 0.023198066074909644, 0.9971520580461136, -0.24242455015530254, 0.0, 0.0, 0.0, 1.0], [0.9863718972365071, -0.15417078562666828, -0.05746171944268303, 0.7046848003957468, 0.15169785324574467, 0.9873933389296194, -0.0451902152910399, 0.9543116698767563, 0.06370433001520572, 0.035857538909884946, 0.9973244182514736, -0.24895328026264876, 0.0, 0.0, 0.0, 1.0], [0.9831263064534832, -0.17792830904839485, -0.042475668309170524, 0.7425735600401376, 0.17568619959082296, 0.9830862815478674, -0.051727384485594836, 0.9605597087957852, 0.0509610128673411, 0.04339216371150353, 0.9977575333195778, -0.2551382300052493, 0.0, 0.0, 0.0, 1.0], [0.9799758810565512, -0.1961776422545732, -0.03408233012681133, 0.7783862698031876, 0.19454641964639735, 0.9798151556302765, -0.04597772721639249, 0.9662971985700495, 0.042414185718979903, 0.03842646843848432, 0.9983608783266411, -0.26009483983969006, 0.0, 0.0, 0.0, 1.0], [0.9808039662661892, -0.19102841525648748, -0.03913724978977141, 0.8128172500204306, 0.19012847576687467, 0.9814257120277262, -0.025587779767611105, 0.9726465789204033, 0.04329829626067214, 0.017655490235782043, 0.9989061723732902, -0.2638944499778229, 0.0, 0.0, 0.0, 1.0], [0.9823968886505836, -0.1808072599834888, -0.046958363545971646, 0.8465495505369398, 0.18073579589391614, 0.9835145895628838, -0.005798637731783434, 0.9782950802491902, 0.04723267144938164, -0.002790493543241121, 0.9988800167655473, -0.26625660035006216, 0.0, 0.0, 0.0, 1.0], [0.9839099319598048, -0.17211080735723885, -0.04794909573382516, 0.8796715002719845, 0.17291430599486188, 0.9848495519763139, 0.01311498205751218, 0.9827878997917012, 0.04496541530073297, -0.02119504571575644, 0.9987636764840515, -0.26790667017293224, 0.0, 0.0, 0.0, 1.0], [0.9855899503439183, -0.16509958785701004, -0.03680456317521536, 0.9123645800532443, 0.16642491128553552, 0.9853810132666081, 0.036428115477941926, 0.9857067294466073, 0.030252250902612823, -0.04202838068636539, 0.9986583081976574, -0.26981711003812003, 0.0, 0.0, 0.0, 1.0], [0.9867839321239321, -0.16130019183516023, -0.015482874925895724, 0.9446881290234863, 0.1619055500209621, 0.9853587869234894, 0.05342896129514954, 0.9860224377140077, 0.006638085148607749, -0.05522960389690796, 0.9984516145907871, -0.27172553939201644, 0.0, 0.0, 0.0, 1.0], [0.9869761159429754, -0.16043734154075057, 0.0117475953903417, 0.9770807994147227, 0.15936562378386682, 0.9851082715465306, 0.06453132019869365, 0.9843920075335617, -0.021925886848600848, -0.06181870889903684, 0.9978465326471595, -0.27343230960899373, 0.0, 0.0, 0.0, 1.0], [0.9874076791108154, -0.15434446094452942, 0.0346967233141117, 1.0102903098916964, 0.15183516240005898, 0.9861979009034326, 0.06602865826753723, 0.9807062790826222, -0.04440899336779773, -0.05992902159560201, 0.9972142967680784, -0.2742765500156419, 0.0, 0.0, 0.0, 1.0], [0.9890530518739571, -0.13705387666836982, 0.054683594148363046, 1.0445055391417073, 0.13352540410230415, 0.9889974180346511, 0.06367945964053197, 0.9749172179968003, -0.06280945022946771, -0.05568071489272604, 0.9964710888685667, -0.2745062895071969, 0.0, 0.0, 0.0, 1.0], [0.990824091920871, -0.11963133028525745, 0.0628964520729178, 1.0797847794271107, 0.11595064992644032, 0.9914866255848171, 0.059242873563563635, 0.9678108674740541, -0.0694482948013649, -0.05140638190547889, 0.9962601659449055, -0.2734148496456765, 0.0, 0.0, 0.0, 1.0], [0.9926926346731437, -0.1013938535059351, 0.06542644371284019, 1.1150856792762918, 0.09792628296780999, 0.9937167009679788, 0.05419927417802429, 0.9600871281086548, -0.07051082306852534, -0.047396251840553925, 0.9963843731922263, -0.2717272394865027, 0.0, 0.0, 0.0, 1.0], [0.9941752974186253, -0.0839904381565663, 0.06753580014226312, 1.1507177798677515, 0.08049127944759024, 0.9953469852487652, 0.05296728130727857, 0.9528126985253248, -0.07167030023292516, -0.04722271968515216, 0.9963098829230089, -0.27011568964652516, 0.0, 0.0, 0.0, 1.0], [0.9940308834412249, -0.0792304993829873, 0.07500087154547064, 1.1886516997865186, 0.0752425096133354, 0.99567004924685, 0.05458679125816244, 0.9477141392098674, -0.07900106019633452, -0.048617702540304335, 0.9956882802803081, -0.26857051980475144, 0.0, 0.0, 0.0, 1.0], [0.9931041265019214, -0.08285401793458745, 0.08294218249450351, 1.2284651896027845, 0.07831448055884861, 0.9953224072019959, 0.056569849358314384, 0.944569638855199, -0.08724125205230714, -0.049684176894859794, 0.9949474591688882, -0.2669335395746166, 0.0, 0.0, 0.0, 1.0], [0.9921341011151185, -0.0844545806651372, 0.09239777707917107, 1.2704952798123506, 0.07893376944667178, 0.994958560207, 0.06186213310057707, 0.9433585491565454, -0.09715649975907953, -0.054082226983452567, 0.9937986351767018, -0.2649586798337044, 0.0, 0.0, 0.0, 1.0], [0.9911023428506099, -0.08182282694773507, 0.10498176501808582, 1.3149137597810032, 0.07526073711243753, 0.9950417433460733, 0.06502115385087799, 0.9447767990582738, -0.10978145310262638, -0.0565416128978293, 0.9923462493331587, -0.26305682989109436, 0.0, 0.0, 0.0, 1.0], [0.9888836316478211, -0.09374603466261275, 0.1154159609588414, 1.3596090194685884, 0.08687023105334361, 0.9942104644247328, 0.06323855932179402, 0.9491663984872348, -0.12067612032111114, -0.05250936500657361, 0.9913021943740726, -0.2612768897097106, 0.0, 0.0, 0.0, 1.0], [0.9860147478247672, -0.11803068594404217, 0.11765914434347886, 1.4021545194349154, 0.110613851642814, 0.9915541680881638, 0.06771194556155372, 0.9551636475941782, -0.12465750236869921, -0.05375024579076974, 0.9907428617863616, -0.2583882497229548, 0.0, 0.0, 0.0, 1.0], [0.9824050457867121, -0.1491612094510751, 0.11238887670895273, 1.4418902395421211, 0.14191837336925134, 0.9874040935543665, 0.0699452023537358, 0.9610110888032747, -0.12140634791078037, -0.05276447315355076, 0.9911994799533514, -0.25517675981977367, 0.0, 0.0, 0.0, 1.0], [0.977619375782935, -0.18295849806519654, 0.10385828844878764, 1.479977380323592, 0.17674044355427893, 0.9820227851183172, 0.06628774487565417, 0.9673482392310703, -0.11411911192267864, -0.04644822380016851, 0.9923806682920563, -0.25150532009721466, 0.0, 0.0, 0.0, 1.0], [0.9763870704692208, -0.19293585932030066, 0.09718046516080096, 1.5167663594561205, 0.18918093277944475, 0.9808376680602702, 0.04656225495817626, 0.9740036483352729, -0.10430178950157902, -0.02707809266599401, 0.9941770031560475, -0.24821277978570994, 0.0, 0.0, 0.0, 1.0], [0.9755635616843489, -0.19659345878166407, 0.0981159980737583, 1.5531381095908583, 0.19495202781130175, 0.9804643737810047, 0.026140363396172428, 0.9809340686785881, -0.10133826506314883, -0.0063736732332842, 0.9948316100343345, -0.24638509983983858, 0.0, 0.0, 0.0, 1.0], [0.9758670120182901, -0.19725673903241386, 0.09366618258898496, 1.5889466893467732, 0.1976337818044783, 0.9802614545704413, 0.0053262531955021505, 0.9867981780311152, -0.09286798772534467, 0.013313887101102323, 0.9955894119897541, -0.24487568976105914, 0.0, 0.0, 0.0, 1.0], [0.9767915735159505, -0.19761976422906963, 0.08261144408784866, 1.623951819849852, 0.19967800704792577, 0.9797077656599877, -0.01736051286347316, 0.9909339193840009, -0.07750429284627593, 0.03345329119176863, 0.9964306106793573, -0.24321354996104366, 0.0, 0.0, 0.0, 1.0], [0.9781024167238356, -0.19695756007432422, 0.06725609212971932, 1.6577841592459062, 0.19969758553839853, 0.9791691414844019, -0.03672419767446625, 0.9924436988090142, -0.058621981620603066, 0.049350905708692334, 0.9970596528676734, -0.24161192976326623, 0.0, 0.0, 0.0, 1.0], [0.979424061379587, -0.19571077132888154, 0.049252431174197565, 1.6912218802923529, 0.19806953821910409, 0.9789785995399694, -0.04867606878570752, 0.9912287990000103, -0.03869064512754616, 0.05742991928093132, 0.9975995380667535, -0.2407777501575067, 0.0, 0.0, 0.0, 1.0], [0.9808236738823074, -0.19275642114966257, 0.028807687473783667, 1.7250121897360582, 0.194008439336926, 0.9797263389847318, -0.049970252807291844, 0.9871871288691777, -0.018591563088228933, 0.05460094143097035, 0.9983351596416847, -0.23991099969875038, 0.0, 0.0, 0.0, 1.0], [0.9835363614383806, -0.18051383645943825, 0.00842499704724002, 1.7593531694143254, 0.1807089261387208, 0.9826434153567972, -0.041907067061760894, 0.9803197885019318, -0.0007139624227894487, 0.04273959642560716, 0.9990859908711737, -0.2393991498193841, 0.0, 0.0, 0.0, 1.0], [0.9870186558187395, -0.16048709390855184, -0.006169745096559105, 1.7945429984245298, 0.16029690789596118, 0.9867749363584724, -0.024085811045648137, 0.9710124773100878, 0.009953611644151674, 0.022784153781095072, 0.999690856190911, -0.23911844955959816, 0.0, 0.0, 0.0, 1.0], [0.9899285145636088, -0.1406691629788546, -0.01592867353909, 1.8309617183454143, 0.14059822951496037, 0.9900514885481123, -0.005494349909247758, 0.9609890272486092, 0.016543092550819816, 0.0031994703460364806, 0.9998580346621011, -0.23905178978793945, 0.0, 0.0, 0.0, 1.0], [0.9931059682366105, -0.1156041036719145, -0.01939657359013522, 1.8676734891653137, 0.11576535299674474, 0.9932489974580057, 0.00740351904203372, 0.9509994687829256, 0.018409750089649977, -0.00959793013518642, 0.999784457190027, -0.23998666978278824, 0.0, 0.0, 0.0, 1.0], [0.9936665869279773, -0.10783360768989045, -0.03160106130317864, 1.9069552091905058, 0.1079099721303427, 0.9941604121575447, 0.0007161100260914926, 0.9444500095061941, 0.03133930340216757, -0.004121644250006497, 0.999500305208029, -0.24125388978929535, 0.0, 0.0, 0.0, 1.0], [0.992324564034647, -0.11453514701599896, -0.04662252364974714, 1.949213510489913, 0.11391621018379496, 0.9933658014216926, -0.015731548658662418, 0.9414817514586199, 0.04811503580804213, 0.010299740960913475, 0.9987886957036152, -0.24315871019153013, 0.0, 0.0, 0.0, 1.0], [0.9914147975468207, -0.11674600251380551, -0.0588818316821311, 1.9928593804467085, 0.11545489776679364, 0.9930009892382734, -0.02488376887590722, 0.9401775703518817, 0.06137479765225731, 0.017871940825127434, 0.9979547724943688, -0.24576646003150426, 0.0, 0.0, 0.0, 1.0], [0.9906814300261502, -0.11548129838989875, -0.07221062195775214, 2.037836798956357, 0.11361879889701877, 0.9930892401106554, -0.029402886144734446, 0.9411440781097322, 0.07510707515634617, 0.02092440915831511, 0.9969559149545353, -0.24863393971851505, 0.0, 0.0, 0.0, 1.0], [0.9886294528857514, -0.12547011698983196, -0.08287976007070234, 2.0823151084196976, 0.12302948110223043, 0.9918222501348825, -0.033946589182039126, 0.9451257380049195, 0.08646127264003942, 0.023363944015000856, 0.9959812118978592, -0.2518818096162325, 0.0, 0.0, 0.0, 1.0], [0.9871218607608057, -0.1418945380519656, -0.07386725985945287, 2.124471929307793, 0.13855808666114328, 0.9891654232997709, -0.0485120806499595, 0.9514824486565595, 0.07995053864063557, 0.03765242912753903, 0.9960874489480669, -0.2575943498204605, 0.0, 0.0, 0.0, 1.0], [0.9848802209503594, -0.16469338850743195, -0.05373116565561246, 2.163633209608533, 0.16173879771056512, 0.9852785613383681, -0.05537795483887415, 0.958396929257438, 0.06206054862722111, 0.045850238264763435, 0.9970186778366554, -0.2634869499182336, 0.0, 0.0, 0.0, 1.0], [0.981859878993749, -0.1847985249569437, -0.04243445765081218, 2.199748268147957, 0.18265771110578835, 0.981915652919656, -0.049777616706308696, 0.9644201984133158, 0.050865888333686694, 0.04112366380934061, 0.9978584597421225, -0.26838868959006884, 0.0, 0.0, 0.0, 1.0], [0.9820919047528133, -0.18423566586099419, -0.039404441929139424, 2.23461566982307, 0.18323207728302493, 0.9826778736909955, -0.027752520834894625, 0.9708676887138783, 0.04383487736424497, 0.020035368299579255, 0.9988378684969657, -0.27205749994971257, 0.0, 0.0, 0.0, 1.0], [0.9835532401282824, -0.17628138257559148, -0.03934333476454559, 2.26884234963584, 0.17605915978388723, 0.9843377952711603, -0.009070670146293404, 0.9768091104040905, 0.040326121675023745, 0.0019947325507796614, 0.9991845800214803, -0.274433119977758, 0.0, 0.0, 0.0, 1.0], [0.9848856883879556, -0.16962983838432513, -0.03501283676439354, 2.302020459675567, 0.1699791583026826, 0.9854211196202395, 0.007232063958851143, 0.9814376191057272, 0.03327561496492435, -0.01307420881357967, 0.9993606949007975, -0.2761179999306974, 0.0, 0.0, 0.0, 1.0], [0.9861444718093275, -0.16446885979405487, -0.021658136529849843, 2.334360820652239, 0.16501029421931343, 0.9859445689188063, 0.026170781821804934, 0.9841336500484614, 0.01704944343835622, -0.029381987297533566, 0.9994228410942434, -0.27795180016299187, 0.0, 0.0, 0.0, 1.0], [0.9863940560806369, -0.16439523285854343, -0.0009866824084256837, 2.3660140102857237, 0.16425955914042722, 0.985298064457052, 0.04697362460125918, 0.9851375986173697, -0.006750063687278158, -0.046496576116664835, 0.9988956427223242, -0.2795463998870931, 0.0, 0.0, 0.0, 1.0], [0.9856665016018193, -0.16733433386678806, 0.02146551488757345, 2.3982685197052613, 0.16594131803538625, 0.98457504223124, 0.055456876796574864, 0.9837010395010175, -0.030414249764035336, -0.051099969909090916, 0.9982303173549583, -0.28023314000126004, 0.0, 0.0, 0.0, 1.0]], "femur_r": [[0.9552253386886376, -0.1916943568023657, -0.22538373032964115, -0.6177080202718451, 0.2201888460116864, 0.9693787081475784, 0.10872806575201353, 0.8987037176495829, 0.19763963271373214, -0.1534867869240204, 0.9681840640190897, -0.17706956013449526, 0.0, 0.0, 0.0, 1.0], [0.9392940411825578, -0.26277199358160436, -0.22062996983204394, -0.5819664671743893, 0.2879767137719398, 0.953344886284803, 0.0905700840218772, 0.9045843969243686, 0.18653717196326738, -0.1486082339029871, 0.9711433860621104, -0.17706896341244244, 0.0, 0.0, 0.0, 1.0], [0.9228517919563701, -0.3245157721175099, -0.20744658042467895, -0.5478301573737944, 0.3450218459726613, 0.9359222799939856, 0.07077719698092427, 0.9073646040682786, 0.17118555980144348, -0.13689046518233383, 0.9756825839675679, -0.17661823843115418, 0.0, 0.0, 0.0, 1.0], [0.9108601250245911, -0.3626265581906801, -0.1970680388469101, -0.511934986532052, 0.3788245707970932, 0.9240881743758822, 0.05052712676421027, 0.9084664235683566, 0.16378576617210686, -0.12067736023558753, 0.979086920311974, -0.1753650251764567, 0.0, 0.0, 0.0, 1.0], [0.9006302128883541, -0.38670672915945986, -0.198300593179824, -0.47598530059958993, 0.4000969406176093, 0.9159504496888079, 0.030938840044506956, 0.905456323962152, 0.16966925985901807, -0.10720391474970777, 0.9796528277513569, -0.17470069146366002, 0.0, 0.0, 0.0, 1.0], [0.8933145568479959, -0.39663935126688143, -0.21134409750465194, -0.4398319147838141, 0.40709778458933704, 0.9133608502164413, 0.006584153275334538, 0.8994347840572804, 0.19042189030130502, -0.09191943384555139, 0.9773895443351085, -0.17412990829116778, 0.0, 0.0, 0.0, 1.0], [0.8845768859979231, -0.39795485109628553, -0.2432193850151554, -0.4025461234459028, 0.40382609955232035, 0.9144229324423868, -0.0274805739355171, 0.8916660371781551, 0.23334141098094152, -0.07390965506886887, 0.9695819453811134, -0.1731052742119757, 0.0, 0.0, 0.0, 1.0], [0.8789709568033283, -0.4017125621477012, -0.25697679760821024, -0.36576179199207, 0.4002997488751589, 0.914403363783993, -0.060221253316448814, 0.8828919904306938, 0.25917208211288223, -0.04993501490185448, 0.9645394373171197, -0.17147738360035836, 0.0, 0.0, 0.0, 1.0], [0.8738153537863134, -0.41557488908006407, -0.25247621482704413, -0.32923619336824994, 0.40800446693524806, 0.9090840208341688, -0.08425317812915845, 0.874443609474554, 0.2645355976956287, -0.029389702789785428, 0.9639279863774801, -0.1698769844746636, 0.0, 0.0, 0.0, 1.0], [0.8783522957461373, -0.4213764407909647, -0.2256970086284452, -0.2898181032537495, 0.4121333760979024, 0.9067645801095454, -0.08901728239451263, 0.8679346350359514, 0.24216383888523657, -0.014828735788936126, 0.9701220457917997, -0.16762582705150214, 0.0, 0.0, 0.0, 1.0], [0.8920992681808539, -0.4160199182538794, -0.17631313997323067, -0.2473780961193508, 0.409782550856248, 0.9093216742978726, -0.07219663195648393, 0.8636738069171004, 0.19036059656591522, -0.00784348571420338, 0.9816829034912038, -0.16487162666242205, 0.0, 0.0, 0.0, 1.0], [0.9015837570159932, -0.40544321329433974, -0.15087256171513277, -0.20294183748422012, 0.3998692874928201, 0.9141202301348527, -0.0669981923501535, 0.8624717896436888, 0.16507962322743044, 7.51782170849011e-05, 0.986280240268112, -0.16119430104722615, 0.0, 0.0, 0.0, 1.0], [0.9087329797880194, -0.3884135733592999, -0.1527719459712627, -0.15622293663178674, 0.38329283540693165, 0.9214840689613968, -0.0628785573630822, 0.8644818680899093, 0.16519979954982236, -0.0014165735446342806, 0.9862591036579033, -0.15846497200347798, 0.0, 0.0, 0.0, 1.0], [0.916817004420388, -0.3729807886044583, -0.14259001275552932, -0.10721749421844623, 0.3692604881839435, 0.9278290394624991, -0.052725377156088694, 0.8691555295531191, 0.15196470732305375, -0.004313335379081071, 0.9883765086575693, -0.1565262798376366, 0.0, 0.0, 0.0, 1.0], [0.9305495573955425, -0.34390037597965584, -0.12573803176450396, -0.0610198576376086, 0.3408829301078732, 0.9390059737338108, -0.045459974189265284, 0.8753303590345928, 0.1337024651681147, -0.0005591898328473553, 0.9910213610789124, -0.1530031596200887, 0.0, 0.0, 0.0, 1.0], [0.9440771644242372, -0.30452896253817396, -0.12641368038355433, -0.01771579910686662, 0.3014108635751725, 0.95249824591375, -0.0435727305788651, 0.880598054052656, 0.13367796726297415, 0.003033563358993245, 0.9910201807035951, -0.15026184682904714, 0.0, 0.0, 0.0, 1.0], [0.9594021515179314, -0.24882920210881226, -0.13278380865397638, 0.024422384152387924, 0.24528921799808207, 0.9685114223352245, -0.04264767684282262, 0.8860010961778692, 0.13921462278314498, 0.008345836332704672, 0.9902270627584637, -0.14754629895897292, 0.0, 0.0, 0.0, 1.0], [0.9700206784605806, -0.19438966212231987, -0.14585109742077995, 0.06170086917158455, 0.19049560688457598, 0.9808587256914069, -0.040343326495307426, 0.8909054323827817, 0.1509016471631527, 0.011349867620381917, 0.9884836232272377, -0.14580724939617606, 0.0, 0.0, 0.0, 1.0], [0.9774059187620701, -0.13574611785549448, -0.16202055874497875, 0.09856114046637751, 0.13182713454688175, 0.9906634616585017, -0.034749278150082843, 0.8965265641676476, 0.16522492719329976, 0.012605444139565188, 0.9861753526690941, -0.14511803474329243, 0.0, 0.0, 0.0, 1.0], [0.9814888278531407, -0.07288678303770231, -0.17710787011841878, 0.13490611069665304, 0.06919559308713708, 0.9972393562993782, -0.026937634360142862, 0.9013308118936341, 0.1785823359036025, 0.014183903060029479, 0.9838227310838047, -0.1453017924032114, 0.0, 0.0, 0.0, 1.0], [0.9820294226559885, -0.010569162288969857, -0.1884317007471289, 0.1693602622618623, 0.007333121970661203, 0.9998135618707004, -0.017862441646838062, 0.9037911978240463, 0.18858536093798353, 0.016159650612952842, 0.9819238398837039, -0.14609473532600825, 0.0, 0.0, 0.0, 1.0], [0.9796114584164543, 0.04662997295132828, -0.1954150356593508, 0.20260144389920073, -0.04925230096100752, 0.9987495244220028, -0.008578946139800014, 0.9037976736354425, 0.19477063790323554, 0.018028674088286078, 0.9806831116733807, -0.14694672981802567, 0.0, 0.0, 0.0, 1.0], [0.9747813481203396, 0.1000820525371948, -0.19946154044485748, 0.2347609550315892, -0.10193479505557654, 0.9947905943271761, 0.0009853908672112293, 0.9015488023308937, 0.1985210843050958, 0.019371530608750482, 0.9799051601497992, -0.1480052577522485, 0.0, 0.0, 0.0, 1.0], [0.967052483807586, 0.15223018285181872, -0.20404770273267034, 0.2666836186150422, -0.1533979344802771, 0.9881120881226468, 0.010177180507727625, 0.8974293951125656, 0.20317127567341536, 0.021458628446481057, 0.9789080447143301, -0.14857608857645907, 0.0, 0.0, 0.0, 1.0], [0.9548994124493684, 0.20082219902342252, -0.2187179839044975, 0.2991111148047781, -0.2013625208098832, 0.9793114454765209, 0.020055621949385233, 0.8917163771957826, 0.21822063907188188, 0.024890502969690465, 0.9755819881204119, -0.1478884288218476, 0.0, 0.0, 0.0, 1.0], [0.940168928873396, 0.24359730713036457, -0.23820734065071578, 0.3322494399753468, -0.2431525616036134, 0.9694693160423206, 0.03171871747148575, 0.8842950469922656, 0.23866130177859224, 0.028099772441601473, 0.9706962376676226, -0.14646080855902316, 0.0, 0.0, 0.0, 1.0], [0.9286578532734971, 0.2798697837129508, -0.2434491645455488, 0.3656402028226863, -0.2785903301267442, 0.9595597056926928, 0.04040543491690206, 0.8763422995431276, 0.2449122690134799, 0.030299758669312258, 0.9690716718134164, -0.14538095131175088, 0.0, 0.0, 0.0, 1.0], [0.9194638166595639, 0.30886145450967, -0.24329178319869024, 0.4003934986508749, -0.30554758903042345, 0.9507430537922914, 0.05223328922634932, 0.8686266488468812, 0.2474408226051694, 0.026310598318530252, 0.968545709672289, -0.14683525763479716, 0.0, 0.0, 0.0, 1.0], [0.9126770700165877, 0.33323394450999266, -0.2365918512803175, 0.43952647377074006, -0.32662871476497535, 0.9427183192609216, 0.06779272247699897, 0.8624287674782534, 0.2456303087098924, 0.015404828988801187, 0.9692411684853819, -0.15114114508797183, 0.0, 0.0, 0.0, 1.0], [0.9075844449446335, 0.3523277810868726, -0.22837602757063263, 0.4818363491773769, -0.3419270898218185, 0.935876172841001, 0.08498031745329762, 0.8580097786341968, 0.24367260933581292, 0.0009611362452239431, 0.9698570697152207, -0.15643037807308421, 0.0, 0.0, 0.0, 1.0], [0.9089197863019377, 0.3589743040906879, -0.21213738725516254, 0.5250081666040225, -0.34562310195038237, 0.9332097123298646, 0.09830719308070592, 0.855800631929093, 0.23325842635805455, -0.016033771104079754, 0.9722825848060564, -0.16183055705365051, 0.0, 0.0, 0.0, 1.0], [0.9175511220579567, 0.34556235515311134, -0.19668908742281435, 0.5689032670449199, -0.33020290822597553, 0.9377998347194798, 0.10722643983283522, 0.856918806388799, 0.22150841475955854, -0.033438431499571486, 0.9745849852575997, -0.16600023148007476, 0.0, 0.0, 0.0, 1.0], [0.9347377881929675, 0.3015409771173575, -0.1879848569519063, 0.6132803789832492, -0.2826076457923508, 0.951557564922735, 0.12112439547019799, 0.8602209123123407, 0.21540238128633735, -0.060093591650233064, 0.9746745992272249, -0.17124381323448096, 0.0, 0.0, 0.0, 1.0], [0.9587668919155515, 0.2269618349022019, -0.17103909630379477, 0.6568371080265606, -0.20579816406133133, 0.9695265169247189, 0.132911431595661, 0.8647828222815273, 0.19599276169179944, -0.09223154816898811, 0.9762582541964873, -0.1782994788135125, 0.0, 0.0, 0.0, 1.0], [0.977389607521422, 0.13401195359340196, -0.16355534660536253, 0.6979310668618034, -0.11103138994135793, 0.9835637241234472, 0.14238831074250927, 0.8695138922635629, 0.1799488414989396, -0.12100907768632549, 0.9762044957695565, -0.18432521587081713, 0.0, 0.0, 0.0, 1.0], [0.9848994465424571, 0.039365222905137845, -0.16859258413699718, 0.7360019294358131, -0.014429729022050747, 0.9890835779978486, 0.146647395664989, 0.8748909734878699, 0.17252496376093474, -0.14200019352311619, 0.9747158980537282, -0.18836447260343173, 0.0, 0.0, 0.0, 1.0], [0.9822656938156168, -0.05897760340366391, -0.17797682166418308, 0.7695916024095585, 0.08442321668245953, 0.9866915607067404, 0.13896936538346705, 0.8829378928162448, 0.167412147820613, -0.151530215887318, 0.9741723494511799, -0.19054139344923465, 0.0, 0.0, 0.0, 1.0], [0.9718801894060234, -0.15442861168631697, -0.1777658609878421, 0.8018277418997818, 0.17757638658158512, 0.9764415625896506, 0.12259078993182436, 0.8904799297135159, 0.15464644958336266, -0.1507105793901609, 0.9764070856416103, -0.19152217023503237, 0.0, 0.0, 0.0, 1.0], [0.9562130304073678, -0.23493422300931127, -0.17453524382820038, 0.8341054150740889, 0.2550476528368054, 0.961404877483374, 0.10320540845137297, 0.8967693964866769, 0.1435525522642999, -0.14320116064539953, 0.9792272934963647, -0.19160906310100875, 0.0, 0.0, 0.0, 1.0], [0.938482593987686, -0.29528813762258876, -0.1790400417826343, 0.8670146661076695, 0.31366459828311516, 0.945786218300839, 0.08427899534338175, 0.9018128816096322, 0.14444701646637187, -0.13525289295087514, 0.9802253385739337, -0.19106443721849165, 0.0, 0.0, 0.0, 1.0], [0.9224524602828732, -0.34234134650292886, -0.1785605247321908, 0.9006201215996469, 0.3579570865550891, 0.9316014144026101, 0.0631310452000288, 0.9036981513450666, 0.14473487037706612, -0.1221523931718788, 0.9819015277202272, -0.19062376091868696, 0.0, 0.0, 0.0, 1.0], [0.908665459720008, -0.37143660487808405, -0.19068804595062838, 0.9350380776713071, 0.38541197894097085, 0.9218359094165319, 0.0409409648030006, 0.9030880892543647, 0.1605761152868992, -0.11069509775431763, 0.9807965673535622, -0.19025263482689692, 0.0, 0.0, 0.0, 1.0], [0.8969011846399451, -0.3868172930182924, -0.21433769340333983, 0.9695181209248406, 0.3988944909365904, 0.9168825488831942, 0.014476762548841138, 0.899856304379236, 0.1909226285485875, -0.09848235057845503, 0.9766523314530308, -0.19002878403153517, 0.0, 0.0, 0.0, 1.0], [0.8867322491407148, -0.39263506808761983, -0.24401561761837984, 1.0038278028580514, 0.40083988812928933, 0.9159856214495075, -0.017254720578973662, 0.8946964100658268, 0.2302896055369152, -0.08251087568066294, 0.9696177870563545, -0.18961388924816786, 0.0, 0.0, 0.0, 1.0], [0.8774682936732139, -0.39682126904502363, -0.2694109760787692, 1.0382744058314153, 0.39811754347789546, 0.9158423089216821, -0.05229996906431256, 0.8880409478681623, 0.26749171047594, -0.06136567136843744, 0.9616040969152309, -0.1885006300707705, 0.0, 0.0, 0.0, 1.0], [0.8753980306109407, -0.4031968602847933, -0.26666567056704477, 1.0722341591703608, 0.3974881065568711, 0.9143209212303022, -0.07759161131465858, 0.8807668406723759, 0.2751026956398649, -0.038072888740631236, 0.9606606903556653, -0.18705838392770185, 0.0, 0.0, 0.0, 1.0], [0.8724605307717203, -0.41664490316803743, -0.2553813754165052, 1.1065797962401211, 0.40650255180109984, 0.9088067318480273, -0.09394679093456398, 0.8742504385647569, 0.2712347647790074, -0.021848313706214484, 0.9622652199697712, -0.18540095900789783, 0.0, 0.0, 0.0, 1.0], [0.8825263027353772, -0.41583823783931884, -0.2196039274032123, 1.144724987022154, 0.4060528592869876, 0.9093881804131895, -0.09018987077078097, 0.8695470250660877, 0.23720961288507486, -0.009575869437207611, 0.9714112940868221, -0.18338177613429743, 0.0, 0.0, 0.0, 1.0], [0.8966627315748857, -0.40708713261559537, -0.17400003523987445, 1.1854885866669735, 0.40065982251821586, 0.9133758891011217, -0.07222320837796807, 0.8664101439674079, 0.1883285756977324, -0.0049549639300803545, 0.9820935779792651, -0.1812545991342551, 0.0, 0.0, 0.0, 1.0], [0.907479770424427, -0.3929733591792, -0.14850052271236547, 1.2284294334315395, 0.3876343796424724, 0.9195492821016584, -0.06456551328318172, 0.8656016433598677, 0.16192607569389783, 0.0010279891733663588, 0.986802355717007, -0.1784653041035793, 0.0, 0.0, 0.0, 1.0], [0.918279936713459, -0.36958492319591996, -0.14201740166539661, 1.2736716491871674, 0.36491563209218514, 0.9291948398364709, -0.05859634012492401, 0.8674641337278198, 0.153618160659102, 0.001983473604737615, 0.9881282945792884, -0.1757721464164605, 0.0, 0.0, 0.0, 1.0], [0.9256079959659648, -0.3532968431627482, -0.1357614761819677, 1.3202337676183242, 0.3496783789442248, 0.9355109436598755, -0.05044111013398045, 0.8711279211049814, 0.14482703167161012, -0.0007841580489732918, 0.989456677168508, -0.17377625276581293, 0.0, 0.0, 0.0, 1.0], [0.9379479160024972, -0.32327021721124033, -0.12549929693336814, 1.3650201275180538, 0.32012968339520714, 0.9463045231001382, -0.04499705956508611, 0.8763430807399728, 0.1333067615534061, 0.0020288480517125194, 0.991072747632446, -0.1706093738259221, 0.0, 0.0, 0.0, 1.0], [0.9498829912351513, -0.28418558217908, -0.1302338582846209, 1.4069952411297768, 0.28077621680260356, 0.958753852276395, -0.044224052541463214, 0.8809271094543141, 0.1374300514450124, 0.005441105283863298, 0.9904965296926139, -0.16762294086572846, 0.0, 0.0, 0.0, 1.0], [0.9637423754103399, -0.2328017090128012, -0.13039937928975667, 1.4473453762107222, 0.22904669983780604, 0.9724518594459791, -0.043301158800511996, 0.8854444167947659, 0.13688770263191935, 0.011863614153208678, 0.9905155281606537, -0.16476610143633452, 0.0, 0.0, 0.0, 1.0], [0.9742234070372929, -0.18032746313407977, -0.13553877386296279, 1.4844708990147686, 0.1764365448750561, 0.983487017219028, -0.04029184277457332, 0.8899687534141949, 0.1405663502165457, 0.015339263386673043, 0.9899524272335277, -0.16340761752252897, 0.0, 0.0, 0.0, 1.0], [0.9810687444500229, -0.12426350811894796, -0.14853517836939512, 1.5212483571844613, 0.12045402833363447, 0.9921224000868512, -0.03440886955577492, 0.8950259041393965, 0.1516408445025806, 0.015865805869180138, 0.9883083175217466, -0.16332122783181166, 0.0, 0.0, 0.0, 1.0], [0.9850378351968667, -0.06348911457774292, -0.16021733851492065, 1.556748128091911, 0.05995694012505362, 0.9978414024943971, -0.02678993838842123, 0.8991469240789369, 0.16157236323552113, 0.01678296154285334, 0.9867181480242164, -0.16377521991206476, 0.0, 0.0, 0.0, 1.0], [0.9854232978051736, -0.0034071421476466334, -0.17008620027845145, 1.5908756327232352, 0.000254445812029173, 0.9998278230583688, -0.018554231207252105, 0.9014583041088874, 0.17012013225983724, 0.018240493983145246, 0.985254497568596, -0.1644934382213814, 0.0, 0.0, 0.0, 1.0], [0.9826510365426986, 0.052188092577048796, -0.1779700631418948, 1.6233958722105315, -0.05485179227425049, 0.9984436622766575, -0.010076415229596281, 0.9015132200578153, 0.17716721272815442, 0.01966357680449189, 0.9839843100788708, -0.165153642934104, 0.0, 0.0, 0.0, 1.0], [0.9776190901707467, 0.10388358635041338, -0.1829456613880148, 1.6552703930882777, -0.10588084005052043, 0.9943781526186861, -0.001156418974745433, 0.899481494314916, 0.18179703585019763, 0.020500977577307875, 0.9831223462389902, -0.16603352946563182, 0.0, 0.0, 0.0, 1.0], [0.9677901977253819, 0.15520660654764254, -0.19822472719272816, 1.687170490094919, -0.15658527597520047, 0.9876252432659786, 0.008799443822585159, 0.8955096878582499, 0.19713747623026046, 0.02252305813564907, 0.9801170987783969, -0.1660189943533975, 0.0, 0.0, 0.0, 1.0], [0.9565941017793109, 0.2030142317609364, -0.20907641221225742, 1.7188231234335902, -0.20381345722852098, 0.9788451875303037, 0.017949192219212925, 0.8897847913020025, 0.2082973813891831, 0.02544249498931337, 0.9777345653883407, -0.16552421813881824, 0.0, 0.0, 0.0, 1.0], [0.9434081159600167, 0.2439193102591437, -0.2246875537796339, 1.7511174940443965, -0.24401199179554953, 0.9693736988885057, 0.027798916582956565, 0.8826787740051714, 0.22458689766043988, 0.02860073401018138, 0.9740342516633275, -0.1